0.00244	0.862784	0.07662	0.788604	0.046737	0.088039	0.0694	0.065376	0.031027	0.591997	0.103543	0.51948	0.01815	0.358827	0.042478	0.334499
0.485764	0.114333	0.075742	0.524355	0.385063	0.01484	0.282231	0.117672	0.633624	0.073728	0.302065	0.405286	0.237203	0.055445	0.055908	0.236741
0.090603	0.309776	0.355403	0.044976	0.237158	0.362462	0.430238	0.169382	0.120115	0.472271	0.503696	0.08869	0.207646	0.199967	0.281946	0.125668
0.05082	0.541073	0.480619	0.111274	0.225361	0.182746	0.345663	0.062444	0.027708	0.353092	0.296079	0.084721	0.248472	0.370727	0.530203	0.088997
0.446513	0.358221	0.363066	0.441668	0.067125	0.128141	0.09777	0.097496	0.166852	0.209169	0.260152	0.11587	0.346786	0.277192	0.200683	0.423295
0.104159	0.069625	0.110171	0.063613	0.539787	0.286429	0.604382	0.221834	0.10599	0.315198	0.222456	0.198732	0.537956	0.040855	0.492097	0.086715
0.293692	0.387682	0.155212	0.526163	0.097515	0.221111	0.147754	0.170872	0.036067	0.101921	0.126448	0.01154	0.35514	0.506873	0.176518	0.685494
0.188693	0.50502	0.179444	0.514269	0.23304	0.073247	0.19379	0.112497	0.305526	0.378044	0.182259	0.501312	0.116207	0.200223	0.190976	0.125454
0.011626	0.81477	0.145641	0.680755	0.013063	0.160542	0.119596	0.054009	0.007388	0.624627	0.239719	0.392295	0.017301	0.350685	0.025517	0.342468
0.489696	0.310116	0.232344	0.567467	0.103787	0.096401	0.17521	0.024979	0.437035	0.298407	0.366108	0.369335	0.156448	0.10811	0.041447	0.223111
0.507258	0.026961	0.221677	0.312541	0.240635	0.225146	0.396951	0.068831	0.11615	0.035537	0.119445	0.032242	0.631743	0.21657	0.499183	0.34913
0.153782	0.236906	0.137873	0.252815	0.228128	0.381184	0.577414	0.031898	0.08494	0.089379	0.114464	0.059856	0.29697	0.528711	0.600823	0.224858
0.103525	0.403218	0.268751	0.237992	0.080429	0.412828	0.202319	0.290938	0.095812	0.776986	0.382969	0.489829	0.088142	0.039059	0.0881	0.039101
0.069292	0.128504	0.11405	0.083746	0.59809	0.204115	0.66378	0.138424	0.049913	0.171509	0.124362	0.09706	0.617469	0.16111	0.653468	0.12511
0.027571	0.160219	0.136226	0.051564	0.535932	0.276278	0.329979	0.482231	0.190514	0.204867	0.261699	0.133682	0.372988	0.231631	0.204506	0.400113
0.544077	0.356758	0.413989	0.486846	0.054169	0.044995	0.08302	0.016144	0.114427	0.089882	0.128235	0.076075	0.483819	0.311871	0.368775	0.426916
0.079767	0.42842	0.115097	0.39309	0.298309	0.193503	0.159034	0.332778	0.089962	0.12165	0.127674	0.083938	0.288114	0.500274	0.146457	0.641931
0.495672	0.182224	0.235109	0.442787	0.059717	0.262387	0.18989	0.132214	0.101296	0.378712	0.19201	0.287998	0.454093	0.065899	0.232989	0.287003
0.328838	0.111315	0.164948	0.275205	0.282898	0.276949	0.271355	0.288491	0.018885	0.329121	0.208794	0.139212	0.592851	0.059143	0.227509	0.424484
0.123253	0.112809	0.179944	0.056117	0.478616	0.285322	0.72506	0.038879	0.066144	0.161791	0.171935	0.056	0.535725	0.236339	0.733069	0.038996
0.12635	0.14614	0.137311	0.135178	0.723999	0.003512	0.435048	0.292462	0.301757	0.029825	0.052772	0.278809	0.548592	0.119827	0.519587	0.148832
0.05454	0.107021	0.075194	0.086367	0.669725	0.168714	0.508453	0.329986	0.690337	0.155193	0.571572	0.273957	0.033928	0.120543	0.012076	0.142395
0.415788	0.185194	0.374097	0.226885	0.262787	0.136231	0.347722	0.051297	0.306691	0.219997	0.322566	0.204122	0.371884	0.101428	0.399253	0.07406
0.449425	0.25521	0.213715	0.49092	0.170206	0.125158	0.133945	0.16142	0.141888	0.34528	0.039579	0.447589	0.477743	0.035089	0.308081	0.204751
0.221404	0.315451	0.114755	0.4221	0.371189	0.091956	0.343032	0.120113	0.277232	0.055135	0.232511	0.099856	0.315361	0.352271	0.225276	0.442357
0.028903	0.200324	0.031027	0.1982	0.63973	0.131043	0.028446	0.742327	0.255072	0.04014	0.051114	0.244097	0.413561	0.291228	0.008359	0.69643
0.078243	0.559918	0.215731	0.422431	0.105296	0.256542	0.182847	0.178992	0.103334	0.674278	0.345033	0.432579	0.080205	0.142183	0.053544	0.168844
0.355144	0.449426	0.202021	0.602549	0.153383	0.042048	0.034998	0.160432	0.162317	0.30253	0.151513	0.313335	0.346209	0.188943	0.085506	0.449646
0.372954	0.438616	0.200179	0.611391	0.051462	0.136968	0.063492	0.124937	0.148451	0.375779	0.214497	0.309733	0.275965	0.199805	0.049174	0.426595
0.079639	0.420345	0.211574	0.28841	0.094295	0.40572	0.366571	0.133445	0.036595	0.64726	0.373075	0.310781	0.13734	0.178805	0.205071	0.111074
0.192956	0.273141	0.00316	0.462937	0.259576	0.274327	0.178744	0.355159	0.155621	0.389065	0.069625	0.475061	0.29691	0.158403	0.112279	0.343034
0.278952	0.280402	0.384247	0.175107	0.360244	0.080402	0.260889	0.179757	0.218382	0.087448	0.235917	0.069913	0.420814	0.273357	0.409219	0.284952
0.24276	0.230384	0.074267	0.398878	0.336558	0.190297	0.418159	0.108697	0.286284	0.06742	0.188319	0.165386	0.293034	0.353262	0.304107	0.342189
0.195462	0.036509	0.123312	0.108658	0.754035	0.013995	0.432602	0.335428	0.34585	0.008748	0.096532	0.258066	0.603646	0.041756	0.459382	0.18602
0.232953	0.491577	0.576912	0.147618	0.192738	0.082733	0.184852	0.090618	0.283716	0.300221	0.471876	0.112061	0.141974	0.274089	0.289888	0.126175
0.219342	0.213448	0.223441	0.209349	0.199571	0.36764	0.389872	0.177339	0.068538	0.446132	0.374033	0.140637	0.350375	0.134956	0.23928	0.246051
0.21872	0.198358	0.201231	0.215846	0.311978	0.270945	0.452413	0.13051	0.035151	0.388919	0.290147	0.133923	0.495546	0.080383	0.363497	0.212433
0.147906	0.283481	0.254874	0.176514	0.27466	0.293953	0.101797	0.466815	0.022559	0.229526	0.080081	0.172004	0.400007	0.347908	0.27659	0.471325
0.099363	0.026867	0.050688	0.075542	0.662084	0.211686	0.111926	0.761844	0.194843	0.05003	0.077367	0.167506	0.566605	0.188522	0.085246	0.669881
0.004813	0.064846	0.034535	0.035124	0.366652	0.563689	0.741404	0.188937	0.058846	0.403271	0.29381	0.168307	0.312619	0.225264	0.482129	0.055754
0.211969	0.172321	0.319453	0.064836	0.444976	0.170735	0.559889	0.055822	0.267053	0.161156	0.318903	0.109306	0.389892	0.181899	0.560439	0.011352
0.034388	0.392865	0.29012	0.137132	0.55739	0.015358	0.317095	0.255653	0.338654	0.212151	0.389494	0.16131	0.253124	0.196071	0.217721	0.231475
0.166513	0.30152	0.213254	0.254778	0.373561	0.158406	0.220927	0.31104	0.344506	0.246215	0.23058	0.36014	0.195568	0.213711	0.203601	0.205679
0.261796	0.284733	0.538416	0.008113	0.33638	0.11709	0.370345	0.083126	0.150201	0.300746	0.432192	0.018755	0.447976	0.101078	0.476569	0.072485
0.085876	0.547431	0.567103	0.066204	0.230801	0.135892	0.310366	0.056327	0.263622	0.64491	0.848085	0.060446	0.053055	0.038413	0.029384	0.062085
0.44937	0.036354	0.21886	0.266864	0.504072	0.010204	0.416692	0.097584	0.706398	0.01609	0.526601	0.195887	0.247044	0.030468	0.108952	0.168561
0.090706	0.419931	0.131784	0.378853	0.027384	0.461979	0.413132	0.076231	0.111259	0.536095	0.364333	0.283022	0.006831	0.345815	0.180583	0.172062
0.012819	0.347678	0.240337	0.12016	0.539058	0.100445	0.238869	0.400634	0.209554	0.109933	0.165741	0.153747	0.342322	0.33819	0.313465	0.367048
0.269816	0.00776	0.030545	0.247031	0.310446	0.411977	0.631412	0.091011	0.369562	0.278497	0.509311	0.138747	0.210701	0.14124	0.152646	0.199295
0.249331	0.495599	0.334505	0.410424	0.042059	0.213012	0.162046	0.093024	0.198788	0.557659	0.388716	0.367732	0.092601	0.150952	0.107836	0.135717
0.226016	0.207934	0.125806	0.308144	0.454005	0.112046	0.130544	0.435507	0.31929	0.0395	0.132657	0.226133	0.360731	0.280479	0.123693	0.517517
0.060834	0.146837	0.091487	0.116185	0.480315	0.312013	0.530082	0.262246	0.419002	0.167313	0.417309	0.169006	0.122147	0.291537	0.20426	0.209425
0.297646	0.351508	0.357672	0.291482	0.092014	0.258832	0.198506	0.15234	0.247528	0.562375	0.378014	0.431889	0.142132	0.047965	0.178164	0.011933
0.102363	0.021024	0.078923	0.044464	0.856959	0.019655	0.77664	0.099973	0.494274	0.016478	0.41162	0.099132	0.465048	0.0242	0.443943	0.045305
0.667316	0.178832	0.264116	0.582032	0.045863	0.107989	0.107287	0.046565	0.24283	0.120895	0.277488	0.086236	0.47035	0.165926	0.093914	0.542361
0.165398	0.089541	0.127964	0.126975	0.503662	0.2414	0.577904	0.167158	0.488604	0.143178	0.369172	0.26261	0.180456	0.187762	0.336696	0.031523
0.191121	0.467158	0.455176	0.203103	0.040578	0.301143	0.291984	0.049737	0.078067	0.428924	0.450033	0.056957	0.153632	0.339378	0.297127	0.195883
0.320619	0.509293	0.770044	0.059868	0.060956	0.109132	0.079253	0.090835	0.299515	0.486953	0.759042	0.027426	0.08206	0.131472	0.090255	0.123277
0.055611	0.476957	0.221296	0.311273	0.091128	0.376303	0.379047	0.088385	0.006076	0.418415	0.331437	0.093054	0.140663	0.434846	0.268905	0.306604
0.269183	0.103815	0.221474	0.151524	0.195978	0.431024	0.503548	0.123454	0.058117	0.486142	0.449506	0.094753	0.407043	0.048698	0.275515	0.180226
0.158097	0.431966	0.033929	0.556134	0.131158	0.278778	0.256887	0.15305	0.082126	0.53068	0.202698	0.410109	0.207129	0.180065	0.088118	0.299075
0.135076	0.064874	0.046385	0.153565	0.626739	0.173311	0.183778	0.616272	0.072744	0.102581	0.142592	0.032733	0.689071	0.135604	0.087571	0.737104
0.203822	0.037825	0.063367	0.17828	0.581703	0.17665	0.630676	0.127676	0.435061	0.071377	0.336045	0.170394	0.350464	0.143098	0.357999	0.135563
0.338564	0.032637	0.175848	0.195353	0.567332	0.061466	0.346894	0.281905	0.357379	0.072588	0.206979	0.222988	0.548517	0.021516	0.315763	0.25427
0.203261	0.20958	0.059067	0.353773	0.25496	0.3322	0.33006	0.257099	0.211396	0.058559	0.187258	0.082696	0.246825	0.483221	0.20187	0.528176
0.090351	0.080976	0.048789	0.122538	0.667425	0.161248	0.490936	0.337736	0.400702	0.050037	0.259616	0.191123	0.357073	0.192187	0.280109	0.269152
0.120158	0.289122	0.195462	0.213818	0.140126	0.450594	0.269636	0.321084	0.020488	0.562713	0.218911	0.364289	0.239796	0.177003	0.246187	0.170612
0.16023	0.1212	0.065215	0.216215	0.525716	0.192854	0.211724	0.506846	0.391655	0.165146	0.164611	0.392189	0.294291	0.148909	0.112328	0.330872
0.140175	0.516659	0.106997	0.549837	0.145316	0.19785	0.062311	0.280855	0.126734	0.11041	0.115345	0.121799	0.158756	0.6041	0.053963	0.708893
0.196361	0.24461	0.265553	0.175417	0.271336	0.287694	0.338217	0.220812	0.344624	0.334497	0.472968	0.206153	0.123072	0.197807	0.130803	0.190076
0.268392	0.423738	0.224392	0.467738	0.235161	0.072709	0.119198	0.188672	0.224464	0.269662	0.074265	0.419861	0.279089	0.226785	0.269324	0.23655
0.264586	0.116136	0.314284	0.066438	0.348426	0.270852	0.319948	0.29933	0.198934	0.27903	0.370244	0.10772	0.414078	0.107959	0.263988	0.258049
0.179898	0.589024	0.083954	0.684968	0.169968	0.06111	0.002158	0.22892	0.054166	0.521442	0.070181	0.505427	0.2957	0.128692	0.015932	0.408461
0.469387	0.134018	0.456093	0.147312	0.222528	0.174066	0.285589	0.111005	0.260859	0.244931	0.466206	0.039584	0.431056	0.063154	0.275476	0.218734
0.049297	0.369266	0.224761	0.193802	0.494654	0.086784	0.136605	0.444832	0.0883	0.294748	0.114358	0.26869	0.455651	0.161301	0.247009	0.369943
0.138116	0.05482	0.120566	0.072369	0.589285	0.21778	0.791754	0.01531	0.098395	0.153625	0.225545	0.026475	0.629005	0.118975	0.686776	0.061204
0.124527	0.356769	0.302561	0.178735	0.172264	0.34644	0.451627	0.067077	0.011478	0.271318	0.185289	0.097507	0.285313	0.431891	0.568899	0.148305
0.274472	0.051044	0.234057	0.091459	0.623209	0.051275	0.420074	0.25441	0.118411	0.043691	0.109024	0.053079	0.77927	0.058628	0.545107	0.29279
0.038944	0.062392	0.024159	0.077177	0.852173	0.046491	0.614355	0.284309	0.407675	0.041542	0.244172	0.205044	0.483442	0.067342	0.394342	0.156442
0.051035	0.379257	0.109139	0.321153	0.41406	0.155648	0.182574	0.387134	0.114492	0.028269	0.029459	0.113302	0.350603	0.506636	0.262254	0.594985
0.451025	0.049707	0.330262	0.170471	0.490359	0.008908	0.300382	0.198886	0.384778	0.002307	0.313855	0.073231	0.556606	0.056308	0.316788	0.296126
0.344478	0.281986	0.109851	0.516613	0.245321	0.128215	0.246506	0.12703	0.206775	0.283166	0.179449	0.310492	0.383024	0.127035	0.176908	0.333151
0.658529	0.129893	0.321525	0.466897	0.097572	0.114007	0.114332	0.097246	0.144414	0.182004	0.220212	0.106206	0.611687	0.061896	0.215645	0.457937
0.143346	0.337809	0.039399	0.441756	0.267683	0.251161	0.08408	0.434765	0.035698	0.118124	0.017916	0.135906	0.375332	0.470846	0.105564	0.740615
0.247262	0.416843	0.075478	0.588627	0.106102	0.229792	0.142407	0.193487	0.205342	0.561222	0.116259	0.650305	0.148023	0.085413	0.101627	0.131809
0.390082	0.488049	0.504494	0.373637	0.014364	0.107504	0.061792	0.060077	0.375669	0.502053	0.499244	0.378478	0.028778	0.093501	0.067042	0.055236
0.012306	0.706863	0.192351	0.526818	0.127478	0.153353	0.165876	0.114955	0.053812	0.619457	0.20371	0.469559	0.085972	0.240759	0.154517	0.172214
0.124513	0.400672	0.357111	0.168074	0.318017	0.156798	0.089401	0.385414	0.232543	0.356084	0.398621	0.190006	0.209987	0.201386	0.047891	0.363482
0.34558	0.177678	0.0358	0.487457	0.063076	0.413666	0.038494	0.438248	0.036654	0.007235	0.021592	0.022297	0.372001	0.58411	0.052702	0.903409
0.169305	0.111873	0.1281	0.153078	0.627002	0.091819	0.289075	0.429746	0.266964	0.046108	0.137599	0.175474	0.529344	0.157584	0.279577	0.407351
0.296265	0.558624	0.525469	0.329421	0.13341	0.011701	0.13236	0.012751	0.289557	0.281887	0.411423	0.160021	0.140118	0.288438	0.246405	0.182151
0.105962	0.167078	0.064295	0.208745	0.148205	0.578755	0.704589	0.02237	0.035948	0.466952	0.371866	0.131035	0.218219	0.27888	0.397019	0.100081
0.165005	0.079785	0.031276	0.213514	0.56435	0.19086	0.366231	0.388978	0.228358	0.101135	0.244217	0.085276	0.500997	0.169511	0.153291	0.517216
0.022165	0.032061	0.046568	0.007658	0.544382	0.401393	0.827084	0.11869	0.33828	0.188211	0.463636	0.062855	0.228266	0.245243	0.410016	0.063493
0.08676	0.374271	0.174937	0.286094	0.037154	0.501815	0.196009	0.342961	0.092862	0.634163	0.364971	0.362054	0.031052	0.241923	0.005974	0.267
0.385494	0.059695	0.119373	0.325815	0.506224	0.048587	0.084825	0.469986	0.389056	0.042059	0.078417	0.352698	0.502662	0.066223	0.125782	0.443103
0.099661	0.092117	0.117001	0.074776	0.285774	0.522448	0.497158	0.311064	0.301526	0.514507	0.582551	0.233481	0.083909	0.100058	0.031608	0.152359
0.213942	0.150076	0.180194	0.183824	0.183647	0.452335	0.417347	0.218635	0.044424	0.258292	0.207363	0.095353	0.353164	0.34412	0.390177	0.307107
0.04145	0.365566	0.246769	0.160247	0.205695	0.387289	0.13308	0.459904	0.107942	0.548482	0.27807	0.378354	0.139203	0.204373	0.101779	0.241797
0.593392	0.058029	0.120757	0.530664	0.254628	0.093951	0.27886	0.069719	0.353065	0.020214	0.2582	0.11508	0.494955	0.131765	0.141417	0.485304