0.422738	0.089684	0.048691	0.463731	0.18743	0.300148	0.451655	0.035923	0.45653	0.082778	0.396201	0.143107	0.153638	0.307054	0.104146	0.356546
0.381837	0.091615	0.421456	0.051996	0.108281	0.418267	0.277286	0.249262	0.2515	0.449888	0.636731	0.064657	0.238618	0.059995	0.062011	0.236601
0.218413	0.344458	0.51117	0.051701	0.356848	0.08028	0.139635	0.297494	0.043538	0.369591	0.154011	0.259119	0.531723	0.055147	0.496794	0.090076
0.160516	0.035219	0.030808	0.164927	0.152806	0.651459	0.775776	0.028489	0.222236	0.405217	0.602038	0.025415	0.091086	0.281461	0.204546	0.168001
0.172801	0.188129	0.305493	0.055437	0.445165	0.193905	0.370811	0.268259	0.038759	0.296586	0.042581	0.292764	0.579208	0.085447	0.633722	0.030933
0.441864	0.041542	0.258705	0.224701	0.099972	0.416622	0.41158	0.105015	0.434481	0.210912	0.615912	0.029482	0.107355	0.247251	0.054373	0.300234
0.255272	0.03202	0.189492	0.097799	0.277711	0.434998	0.164825	0.547884	0.085246	0.360277	0.326772	0.11875	0.447737	0.106741	0.027545	0.526933
0.350855	0.173283	0.026505	0.497633	0.0956	0.380262	0.469438	0.006424	0.129133	0.424094	0.196158	0.357069	0.317323	0.12945	0.299785	0.146988
0.195768	0.343432	0.063113	0.476088	0.063282	0.397517	0.296875	0.163925	0.055039	0.546311	0.038574	0.562777	0.204011	0.194638	0.321413	0.077236
0.05982	0.303259	0.095672	0.267406	0.514534	0.122387	0.517129	0.119792	0.543459	0.150283	0.337519	0.356223	0.030894	0.275364	0.275282	0.030976
0.208109	0.372603	0.432496	0.148216	0.322845	0.096443	0.110628	0.30866	0.042127	0.423114	0.14679	0.318451	0.488827	0.045932	0.396334	0.138425
0.385469	0.106082	0.315385	0.176166	0.321304	0.187146	0.049995	0.458454	0.004176	0.272176	0.239181	0.037171	0.702597	0.021051	0.126198	0.59745
0.426454	0.027244	0.215576	0.238122	0.094975	0.451327	0.466923	0.079378	0.379063	0.250519	0.606169	0.023413	0.142367	0.228051	0.07633	0.294088
0.028429	0.420507	0.115396	0.333539	0.294068	0.256996	0.519273	0.031792	0.132931	0.068914	0.058502	0.143343	0.189566	0.608589	0.576167	0.221989
0.129941	0.341517	0.290201	0.181257	0.46089	0.067652	0.072552	0.45599	0.14487	0.285905	0.024019	0.406756	0.445961	0.123265	0.338734	0.230491
0.107514	0.358813	0.376512	0.089815	0.444199	0.089475	0.242025	0.291649	0.501643	0.103802	0.472958	0.132486	0.05007	0.344486	0.145579	0.248977
0.021576	0.31104	0.293702	0.038913	0.65907	0.008314	0.180926	0.486458	0.087358	0.166678	0.023391	0.230645	0.593289	0.152676	0.451237	0.294727
0.468261	0.145991	0.199992	0.41426	0.076171	0.309577	0.381478	0.00427	0.448776	0.059719	0.47369	0.034805	0.095657	0.395849	0.10778	0.383726
0.200266	0.489494	0.330224	0.359536	0.282496	0.027744	0.107669	0.202571	0.353902	0.040277	0.357626	0.036553	0.12886	0.476961	0.080267	0.525554
0.396505	0.058371	0.130885	0.32399	0.236017	0.309107	0.54481	0.000315	0.095406	0.196892	0.081544	0.210754	0.537116	0.170585	0.594151	0.113551
0.418979	0.134771	0.134446	0.419305	0.113198	0.333051	0.379648	0.066602	0.342998	0.175603	0.442107	0.076494	0.189179	0.292219	0.071986	0.409413
0.265732	0.071538	0.237437	0.099833	0.152753	0.509977	0.288136	0.374595	0.056234	0.504723	0.443873	0.117084	0.36225	0.076792	0.081699	0.357343
0.17615	0.605631	0.696152	0.085628	0.174735	0.043484	0.079771	0.138449	0.046081	0.502126	0.349948	0.198259	0.304804	0.146989	0.425974	0.025818
0.428428	0.045576	0.089611	0.384393	0.237142	0.288853	0.465241	0.060755	0.059384	0.172593	0.002774	0.229202	0.606187	0.161837	0.552077	0.215946
0.515359	0.115516	0.107044	0.523831	0.051087	0.318038	0.22263	0.146495	0.351377	0.038479	0.281138	0.108719	0.215068	0.395075	0.048536	0.561607
0.57749	0.168095	0.088943	0.656642	0.05919	0.195225	0.213881	0.040534	0.209317	0.051328	0.223935	0.03671	0.427363	0.311992	0.07889	0.660465
0.344918	0.104117	0.251729	0.197307	0.105027	0.445938	0.273926	0.277038	0.015184	0.468745	0.407405	0.076525	0.434761	0.08131	0.11825	0.39782
0.263011	0.217675	0.111424	0.369263	0.070609	0.448704	0.336685	0.182629	0.264671	0.148186	0.387189	0.025669	0.068949	0.518193	0.06092	0.526223
0.580139	0.090581	0.0408	0.62992	0.054361	0.274919	0.265856	0.063424	0.09108	0.247883	0.03071	0.308253	0.543421	0.117616	0.275946	0.385091
0.039975	0.283736	0.220696	0.103014	0.479489	0.196801	0.134498	0.541792	0.063906	0.335841	0.009752	0.389995	0.455558	0.144696	0.345442	0.254812
0.195588	0.067643	0.067221	0.19601	0.413941	0.322828	0.559642	0.177126	0.054375	0.294099	0.049079	0.299395	0.555154	0.096372	0.577785	0.073742
0.078162	0.440622	0.308508	0.210276	0.434056	0.047159	0.033145	0.448071	0.155571	0.416747	0.057986	0.514332	0.356648	0.071034	0.283666	0.144016
0.26406	0.105131	0.041232	0.327959	0.040882	0.589927	0.473769	0.15704	0.109118	0.35348	0.461399	0.001199	0.195824	0.341578	0.053602	0.4838
0.110074	0.594866	0.670011	0.034929	0.254551	0.040509	0.082946	0.212113	0.242949	0.292748	0.512956	0.022741	0.121676	0.342627	0.240001	0.224302
0.022734	0.224543	0.074584	0.172694	0.718311	0.034411	0.650666	0.102056	0.599948	0.084615	0.468584	0.21598	0.141097	0.174339	0.256667	0.058769
0.069376	0.403379	0.320922	0.151832	0.453172	0.074073	0.049255	0.477991	0.319878	0.067888	0.228916	0.15885	0.20267	0.409564	0.141261	0.470973
0.253835	0.129156	0.057028	0.325964	0.204029	0.412979	0.491713	0.125296	0.048978	0.480692	0.149624	0.380046	0.408887	0.061443	0.399117	0.071213
0.155712	0.472877	0.38341	0.245179	0.279318	0.092093	0.078311	0.2931	0.094458	0.515322	0.095908	0.513871	0.340572	0.049649	0.365813	0.024408
0.281929	0.235548	0.101721	0.415756	0.19485	0.287673	0.387039	0.095484	0.116838	0.519971	0.170956	0.465853	0.359941	0.00325	0.317804	0.045387
0.287236	0.249492	0.062016	0.474712	0.111855	0.351417	0.384496	0.078776	0.345667	0.030782	0.282378	0.09407	0.053425	0.570127	0.164134	0.459417
0.197377	0.321702	0.378628	0.14045	0.389762	0.091159	0.151931	0.32899	0.084575	0.324021	0.087152	0.321443	0.502564	0.08884	0.443407	0.147997
0.176478	0.361609	0.333434	0.204653	0.396756	0.065157	0.184025	0.277888	0.029542	0.363295	0.056391	0.336445	0.543693	0.063471	0.461068	0.146096
0.335695	0.144732	0.11409	0.366337	0.060108	0.459465	0.416977	0.102596	0.321164	0.241388	0.445781	0.11677	0.074639	0.36281	0.085285	0.352164
0.050728	0.264496	0.210421	0.104803	0.663815	0.020961	0.191065	0.493711	0.266932	0.234042	0.068139	0.432835	0.447611	0.051415	0.333347	0.165679
0.159419	0.363635	0.471461	0.051593	0.412761	0.064185	0.260072	0.216874	0.001114	0.269629	0.144656	0.126087	0.571066	0.158191	0.586877	0.14238
0.459872	0.118302	0.10642	0.471754	0.167656	0.25417	0.336008	0.085818	0.168535	0.292592	0.082626	0.3785	0.458993	0.079881	0.359802	0.179072
0.002667	0.391048	0.2671	0.126615	0.482107	0.124178	0.272076	0.334209	0.381135	0.157121	0.490027	0.04823	0.103639	0.358105	0.049149	0.412595
0.012368	0.400538	0.314451	0.098454	0.477	0.110094	0.077494	0.5096	0.145359	0.445007	0.207253	0.383114	0.344009	0.065625	0.184693	0.224941
0.023923	0.546921	0.076754	0.49409	0.270933	0.158223	0.261982	0.167175	0.283013	0.244801	0.060253	0.46756	0.011843	0.460343	0.278482	0.193705
0.076442	0.280816	0.35078	0.006478	0.493041	0.149701	0.070087	0.572655	0.037273	0.304355	0.120898	0.22073	0.53221	0.126163	0.299968	0.358404
0.088364	0.129483	0.023888	0.193959	0.656565	0.125588	0.61581	0.166343	0.347292	0.064074	0.082897	0.328468	0.397638	0.190997	0.556801	0.031833
0.17807	0.462781	0.383991	0.25686	0.291373	0.067776	0.121588	0.237561	0.041345	0.369237	0.037385	0.373196	0.428099	0.16132	0.468194	0.121224
0.256137	0.166256	0.070361	0.352032	0.304666	0.272941	0.560345	0.017262	0.45199	0.125667	0.508084	0.069573	0.108813	0.31353	0.122622	0.299721
0.337507	0.039263	0.044905	0.331865	0.240621	0.382609	0.588811	0.034419	0.397288	0.181643	0.548781	0.03015	0.18084	0.240229	0.084935	0.336134
0.335301	0.098214	0.137007	0.296508	0.27765	0.288835	0.437538	0.128947	0.536185	0.055318	0.471564	0.119939	0.076766	0.331731	0.102981	0.305516
0.400825	0.275454	0.06575	0.610529	0.033119	0.290602	0.276743	0.046978	0.086272	0.381077	0.046062	0.421287	0.347672	0.184979	0.296432	0.236219
0.281119	0.447353	0.0322	0.696271	0.057232	0.214296	0.118352	0.153176	0.092707	0.658662	0.055273	0.696096	0.245644	0.002987	0.09528	0.153351
0.031543	0.461609	0.124045	0.369107	0.468359	0.038489	0.305531	0.201317	0.429376	0.065002	0.108957	0.385421	0.070526	0.435096	0.320619	0.185003
0.36843	0.178735	0.066601	0.480564	0.062864	0.389971	0.392866	0.059969	0.120497	0.541304	0.266958	0.394843	0.310797	0.027402	0.192509	0.14569
0.304942	0.07334	0.114727	0.263554	0.131078	0.49064	0.508579	0.113139	0.077602	0.459397	0.206296	0.330703	0.358418	0.104583	0.41701	0.045991
0.076315	0.331402	0.30422	0.103497	0.52422	0.068063	0.154768	0.437515	0.439298	0.199721	0.438592	0.200427	0.161238	0.199743	0.020396	0.340585
0.405464	0.261509	0.137308	0.529665	0.092248	0.24078	0.277274	0.055754	0.139293	0.456613	0.0888	0.507107	0.358418	0.045676	0.325782	0.078312
0.228301	0.314228	0.469174	0.073354	0.40663	0.050841	0.08247	0.375002	0.012075	0.307659	0.063046	0.256688	0.622856	0.05741	0.488597	0.191668
0.198254	0.289828	0.075935	0.412147	0.08276	0.429158	0.326321	0.185596	0.070084	0.620082	0.125406	0.56476	0.21093	0.098904	0.27685	0.032984
0.52655	0.046387	0.434918	0.13802	0.111035	0.316028	0.199154	0.227909	0.01658	0.303107	0.279414	0.040274	0.621005	0.059308	0.354658	0.325655
0.501115	0.072033	0.369619	0.203529	0.132115	0.294737	0.149787	0.277065	0.060449	0.262297	0.295978	0.026768	0.572782	0.104472	0.223427	0.453827
0.109207	0.533384	0.073616	0.568975	0.274186	0.083222	0.254932	0.102477	0.335562	0.316079	0.074289	0.577353	0.047831	0.300527	0.254259	0.094099
0.144596	0.259356	0.039279	0.364673	0.534014	0.062034	0.523776	0.072272	0.484347	0.041091	0.234975	0.290463	0.194263	0.280299	0.32808	0.146482
0.048809	0.648122	0.397352	0.299579	0.274648	0.028422	0.07487	0.2282	0.125594	0.579176	0.231862	0.472909	0.197862	0.097368	0.24036	0.05487
0.023836	0.565891	0.23683	0.352898	0.347389	0.062883	0.345405	0.064867	0.28159	0.115789	0.105503	0.291876	0.089635	0.512985	0.476732	0.125889
0.153807	0.160187	0.03852	0.275474	0.134663	0.551343	0.410232	0.275773	0.208037	0.213705	0.411421	0.010322	0.080433	0.497824	0.037332	0.540926
0.000976	0.794371	0.678291	0.117057	0.186543	0.01811	0.071399	0.133253	0.143475	0.620013	0.704522	0.058967	0.044044	0.192468	0.045168	0.191343
0.085165	0.384252	0.326773	0.142644	0.286092	0.24449	0.166271	0.364311	0.065123	0.56021	0.170034	0.4553	0.306134	0.068532	0.323011	0.051656
0.073484	0.284421	0.312047	0.045859	0.591283	0.050811	0.018673	0.623422	0.062534	0.291721	0.111094	0.243161	0.602233	0.043511	0.219626	0.426119
0.397703	0.03249	0.093678	0.336515	0.204562	0.365244	0.46095	0.108856	0.405868	0.161824	0.467742	0.09995	0.196397	0.23591	0.086886	0.345422
0.231182	0.05133	0.227539	0.054973	0.007542	0.709946	0.408138	0.30935	0.055651	0.613252	0.539708	0.129195	0.183072	0.148025	0.095969	0.235128
0.06715	0.402137	0.375711	0.093577	0.480231	0.050481	0.088059	0.442653	0.227595	0.399848	0.243692	0.383751	0.319786	0.052771	0.220078	0.152479
0.217951	0.230875	0.322076	0.126751	0.515018	0.036156	0.344136	0.207038	0.6006	0.077917	0.64651	0.032007	0.132369	0.189114	0.019701	0.301782
0.592912	0.067971	0.38749	0.273393	0.124189	0.214929	0.038	0.301118	0.152926	0.197674	0.310493	0.040108	0.564174	0.085225	0.114996	0.534403
0.030541	0.173814	0.127004	0.077351	0.541945	0.2537	0.02643	0.769215	0.190174	0.048699	0.11793	0.120943	0.382312	0.378815	0.035504	0.725623
0.044236	0.588181	0.048585	0.583832	0.271947	0.095636	0.195887	0.171697	0.262019	0.47311	0.003395	0.731734	0.054164	0.210707	0.241076	0.023795
0.127349	0.561043	0.038665	0.649726	0.277369	0.034239	0.154753	0.156856	0.360576	0.399052	0.057506	0.702122	0.044142	0.19623	0.135912	0.10446
0.275637	0.157958	0.368262	0.065333	0.052729	0.513676	0.400409	0.165996	0.113404	0.637094	0.74833	0.002168	0.214962	0.03454	0.020341	0.229162
0.08602	0.738847	0.232676	0.59219	0.117478	0.057655	0.165017	0.010116	0.147168	0.253706	0.039215	0.361659	0.056329	0.542797	0.358478	0.240647
0.351452	0.091128	0.08181	0.36077	0.108389	0.449031	0.485115	0.072305	0.233609	0.539854	0.37407	0.399393	0.226232	0.000305	0.192855	0.033683
0.417288	0.079339	0.249538	0.247089	0.111659	0.391713	0.155068	0.348304	0.081228	0.348825	0.356826	0.073227	0.447719	0.122228	0.04778	0.522167
0.753864	0.088452	0.106902	0.735414	0.018348	0.139336	0.128029	0.029655	0.236207	0.021174	0.179439	0.077941	0.536005	0.206614	0.055492	0.687127
0.193503	0.313642	0.390961	0.116184	0.387199	0.105656	0.03884	0.454015	0.059323	0.362326	0.085167	0.336483	0.521379	0.056972	0.344635	0.233716
0.044821	0.414845	0.373459	0.086208	0.397895	0.142439	0.217886	0.322447	0.330238	0.172323	0.454158	0.048402	0.112478	0.384962	0.137187	0.360253
0.049649	0.363835	0.225185	0.188298	0.532683	0.053833	0.206639	0.379877	0.487087	0.1203	0.402206	0.205181	0.095245	0.297368	0.029619	0.362994
0.417589	0.197007	0.439927	0.174669	0.062176	0.323228	0.127078	0.258326	0.059991	0.471756	0.42103	0.110717	0.419773	0.048479	0.145975	0.322278
0.079446	0.594094	0.41688	0.25666	0.296461	0.029999	0.100522	0.225938	0.074981	0.52617	0.165837	0.435314	0.300926	0.097923	0.351565	0.047284
0.085467	0.692859	0.751387	0.026938	0.187926	0.033749	0.078574	0.1431	0.212373	0.46962	0.663871	0.018123	0.06102	0.256987	0.166091	0.151916
0.37944	0.077429	0.344711	0.112158	0.176898	0.366233	0.175456	0.367674	0.065929	0.373477	0.334488	0.104918	0.490409	0.070185	0.18568	0.374915
0.155722	0.622917	0.096028	0.682611	0.200011	0.02135	0.204507	0.016854	0.238172	0.299288	0.050099	0.48736	0.117561	0.34498	0.250436	0.212105
0.074492	0.309971	0.330016	0.054446	0.538079	0.077458	0.137031	0.478507	0.100386	0.283556	0.126919	0.257022	0.512185	0.103873	0.340127	0.275931
0.024037	0.493445	0.44423	0.073252	0.413534	0.068984	0.113604	0.368915	0.305531	0.206252	0.415266	0.096517	0.13204	0.356177	0.142568	0.345649
0.543383	0.086021	0.025127	0.604277	0.060815	0.309781	0.332247	0.038349	0.155304	0.231001	0.0758	0.310505	0.448895	0.164801	0.281574	0.332121
0.396282	0.046015	0.02821	0.414088	0.186233	0.37147	0.45595	0.101753	0.341169	0.207144	0.422025	0.126288	0.241347	0.21034	0.062135	0.389552
0.276864	0.115663	0.12889	0.263637	0.220546	0.386928	0.498077	0.109397	0.055907	0.348035	0.100366	0.303577	0.441502	0.154555	0.526601	0.069456