0.494258	0.064682	0.064638	0.494302	0.066268	0.374793	0.280461	0.160599	0.520435	0.137314	0.269568	0.388181	0.04009	0.302161	0.075531	0.266719
0.374503	0.070683	0.080304	0.364882	0.010955	0.543859	0.287401	0.267414	0.062036	0.452242	0.100192	0.414087	0.323422	0.1623	0.267512	0.218209
0.063638	0.339714	0.330783	0.072569	0.547968	0.04868	0.167361	0.429287	0.516452	0.088571	0.374759	0.230264	0.095154	0.299823	0.123385	0.271592
0.254709	0.266949	0.056855	0.464803	0.287409	0.190933	0.425125	0.053217	0.353107	0.168851	0.042456	0.479502	0.189011	0.289031	0.439524	0.038518
0.115464	0.294458	0.116756	0.293166	0.51821	0.071868	0.444396	0.145682	0.347878	0.109127	0.071802	0.385202	0.285796	0.257199	0.489349	0.053646
0.045575	0.49652	0.385405	0.156689	0.344245	0.113661	0.13131	0.326596	0.089753	0.580939	0.253551	0.417142	0.300066	0.029242	0.263165	0.066143
0.073815	0.325545	0.14643	0.252931	0.513791	0.086848	0.418342	0.182297	0.436493	0.041955	0.16881	0.309638	0.151113	0.370438	0.395962	0.12559
0.030757	0.382091	0.276907	0.135941	0.363219	0.223932	0.180357	0.406795	0.283148	0.170423	0.387287	0.066284	0.110829	0.4356	0.069977	0.476452
0.041073	0.291667	0.25313	0.079609	0.446425	0.220836	0.013514	0.653747	0.435718	0.091006	0.182279	0.344445	0.05178	0.421496	0.084365	0.388911
0.218829	0.057864	0.106713	0.169979	0.388758	0.33455	0.663565	0.059742	0.038992	0.323868	0.177779	0.185082	0.568594	0.068545	0.592499	0.04464
0.039228	0.133965	0.130097	0.043096	0.624349	0.202457	0.070292	0.756515	0.482697	0.025638	0.151239	0.357096	0.180881	0.310784	0.04915	0.442515
0.352325	0.12954	0.428768	0.053097	0.057621	0.460515	0.256725	0.26141	0.02457	0.564614	0.489518	0.099666	0.385375	0.02544	0.195975	0.214841
0.170391	0.087286	0.020501	0.237176	0.377279	0.365044	0.651342	0.09098	0.075067	0.337447	0.120356	0.292158	0.472603	0.114883	0.551487	0.035999
0.280335	0.174141	0.108703	0.345774	0.107038	0.438485	0.531191	0.014332	0.337735	0.313867	0.582081	0.06952	0.049639	0.29876	0.057813	0.290586
0.034127	0.217831	0.157615	0.094342	0.704837	0.043206	0.225822	0.52222	0.323729	0.042849	0.327109	0.039469	0.415234	0.218187	0.056328	0.577093
0.030445	0.70943	0.504831	0.235043	0.093168	0.166958	0.022349	0.237777	0.03523	0.782235	0.361163	0.456302	0.088383	0.094152	0.166017	0.016518
0.144348	0.333723	0.054782	0.423289	0.316506	0.205423	0.432551	0.089378	0.377842	0.034101	0.046279	0.365663	0.083012	0.505046	0.441053	0.147004
0.041847	0.283141	0.01786	0.307128	0.526682	0.14833	0.583317	0.091695	0.48034	0.164853	0.312967	0.332226	0.088189	0.266618	0.28821	0.066597
0.288145	0.345571	0.097346	0.53637	0.015209	0.351076	0.206432	0.159853	0.130915	0.548332	0.032476	0.646771	0.172439	0.148314	0.271301	0.049452
0.310403	0.136122	0.328198	0.118327	0.045939	0.507536	0.03896	0.514515	0.025471	0.593055	0.248255	0.370271	0.330871	0.050603	0.118904	0.262571
0.184242	0.013572	0.090433	0.107381	0.000698	0.801489	0.713314	0.088872	0.03276	0.688579	0.579677	0.141662	0.15218	0.126481	0.22407	0.054591
0.065327	0.502769	0.519794	0.048302	0.389911	0.041993	0.13708	0.294824	0.384634	0.182341	0.463794	0.103181	0.070604	0.362421	0.193079	0.239946
0.033288	0.497506	0.363367	0.167427	0.322372	0.146834	0.101762	0.367445	0.304632	0.214455	0.36881	0.150276	0.051028	0.429885	0.096318	0.384595
0.726358	0.000735	0.61466	0.112433	0.001613	0.271294	0.086138	0.186769	0.132001	0.218009	0.315309	0.034701	0.595969	0.054021	0.385489	0.264501
0.469904	0.120496	0.056816	0.533584	0.150438	0.259163	0.367091	0.042509	0.359664	0.0485	0.297012	0.111152	0.260678	0.331158	0.126895	0.464941
0.422232	0.270834	0.015678	0.677388	0.022955	0.283979	0.104695	0.202239	0.230464	0.499778	0.003395	0.726846	0.214723	0.055035	0.116977	0.152781
0.780872	0.026104	0.660475	0.146501	0.019141	0.173883	0.069927	0.123098	0.210139	0.157642	0.337666	0.030115	0.589874	0.042345	0.392735	0.239483
0.36508	0.219232	0.138826	0.445486	0.066122	0.349567	0.380156	0.035532	0.310514	0.087297	0.320207	0.077605	0.120688	0.481501	0.198776	0.403413
0.093539	0.364856	0.155781	0.302614	0.386674	0.154932	0.470494	0.071111	0.255678	0.12437	0.07507	0.304978	0.224535	0.395418	0.551204	0.068748
0.04533	0.313028	0.124245	0.234113	0.430879	0.210762	0.635518	0.006124	0.253412	0.117185	0.200653	0.169944	0.222798	0.406606	0.559109	0.070294
0.263784	0.098666	0.031708	0.330742	0.095338	0.542212	0.496153	0.141397	0.338787	0.165728	0.328957	0.175558	0.020334	0.475151	0.198904	0.296581
0.414404	0.006877	0.354087	0.067195	0.076739	0.50198	0.160714	0.418005	0.0777	0.315273	0.275108	0.117864	0.413444	0.193584	0.239693	0.367335
0.155459	0.588623	0.676133	0.067948	0.203952	0.051966	0.062391	0.193528	0.280674	0.481105	0.713547	0.048232	0.078738	0.159484	0.024977	0.213244
0.284869	0.210574	0.361485	0.133958	0.043993	0.460564	0.109229	0.395328	0.000197	0.66091	0.389347	0.271761	0.328666	0.010227	0.081368	0.257525
0.175956	0.086568	0.230306	0.032218	0.056603	0.680873	0.110975	0.626501	0.043231	0.412437	0.278044	0.177623	0.189329	0.355004	0.063237	0.481095
0.315004	0.20342	0.055352	0.463072	0.08052	0.401055	0.435502	0.046073	0.295636	0.296641	0.439189	0.153088	0.099889	0.307835	0.051665	0.356058
0.078854	0.207504	0.192423	0.093935	0.661109	0.052533	0.116386	0.597256	0.670599	0.01767	0.252073	0.436196	0.069364	0.242367	0.056736	0.254995
0.12681	0.028068	0.134587	0.02029	0.631694	0.213429	0.044629	0.800494	0.003873	0.220344	0.07984	0.144377	0.754631	0.021153	0.099376	0.676407
0.348177	0.008218	0.198906	0.157489	0.080697	0.562908	0.093943	0.549662	0.130446	0.456994	0.238901	0.348539	0.298428	0.114132	0.053948	0.358612
0.370274	0.417436	0.699479	0.08823	0.159564	0.052727	0.078265	0.134026	0.496603	0.115283	0.576437	0.035449	0.033235	0.354879	0.201308	0.186807
0.030857	0.655875	0.48106	0.205672	0.252083	0.061186	0.057258	0.25601	0.249938	0.166605	0.291364	0.125179	0.033002	0.550455	0.246954	0.336503
0.181792	0.261154	0.068395	0.374551	0.032653	0.524401	0.24373	0.313324	0.194636	0.04388	0.161288	0.077228	0.019809	0.741675	0.150837	0.610647
0.565999	0.079389	0.041042	0.604346	0.098014	0.256598	0.316811	0.0378	0.394522	0.321707	0.185096	0.531133	0.269491	0.01428	0.172757	0.111014
0.156033	0.129584	0.248291	0.037326	0.649632	0.064751	0.144463	0.56992	0.208283	0.173195	0.059155	0.322323	0.597381	0.02114	0.333598	0.284923
0.298681	0.090415	0.078949	0.310147	0.036075	0.57483	0.464612	0.146292	0.105528	0.621572	0.379812	0.347289	0.229227	0.043672	0.163749	0.10915
0.278219	0.228015	0.468077	0.038156	0.429082	0.064685	0.176635	0.317132	0.234522	0.144632	0.035537	0.343617	0.472778	0.148068	0.609175	0.011671
0.184187	0.239778	0.03006	0.393905	0.263554	0.312482	0.50291	0.073125	0.065676	0.419227	0.088043	0.39686	0.382065	0.133032	0.444927	0.07017
0.009181	0.27564	0.112502	0.172318	0.53913	0.17605	0.570928	0.144252	0.227629	0.102363	0.042705	0.287287	0.320682	0.349326	0.640725	0.029282
0.053275	0.597541	0.437129	0.213687	0.28862	0.060565	0.098049	0.251135	0.094998	0.444798	0.135573	0.404222	0.246897	0.213308	0.399605	0.060599
0.3691	0.086041	0.1147	0.340441	0.355235	0.189624	0.510678	0.034181	0.688489	0.080799	0.554247	0.21504	0.035847	0.194866	0.07113	0.159582
0.115371	0.336583	0.020655	0.431299	0.434592	0.113454	0.35678	0.191266	0.44617	0.161538	0.0594	0.548308	0.103793	0.288499	0.318034	0.074257
0.531244	0.079625	0.218612	0.392258	0.029914	0.359216	0.2329	0.156231	0.166845	0.33334	0.072829	0.427357	0.394313	0.105502	0.378683	0.121132
0.290422	0.445462	0.029629	0.706255	0.050569	0.213547	0.232327	0.031789	0.117446	0.522488	0.037197	0.602737	0.223545	0.13652	0.224759	0.135307
0.18537	0.177585	0.289286	0.073669	0.125716	0.511328	0.032121	0.604924	0.051044	0.454547	0.261485	0.244107	0.260042	0.234367	0.059922	0.434486
0.247378	0.503401	0.105465	0.645314	0.249173	0.000049	0.171005	0.078217	0.43379	0.315376	0.086364	0.662802	0.06276	0.188074	0.190106	0.060729
0.098819	0.201717	0.054484	0.246052	0.663586	0.035878	0.454067	0.245397	0.676898	0.090616	0.30221	0.465304	0.085507	0.146979	0.20634	0.026145
0.097266	0.332115	0.34613	0.083251	0.511325	0.059294	0.229118	0.341501	0.527219	0.03671	0.38966	0.174269	0.081372	0.354698	0.185587	0.250483
0.363933	0.182135	0.544073	0.001995	0.047316	0.406617	0.165407	0.288525	0.223732	0.506551	0.607324	0.122958	0.187517	0.0822	0.102156	0.167561
0.283536	0.233114	0.005967	0.510683	0.08306	0.40029	0.413616	0.069734	0.079377	0.475482	0.141129	0.41373	0.287219	0.157923	0.278454	0.166688
0.081894	0.502757	0.528379	0.056271	0.140675	0.274674	0.000796	0.414554	0.203161	0.100433	0.244631	0.058963	0.019408	0.676998	0.284544	0.411862
0.55229	0.04933	0.544199	0.057421	0.129227	0.269153	0.052287	0.346093	0.115137	0.277198	0.268968	0.123367	0.56638	0.041285	0.327518	0.280147
0.138727	0.01126	0.115566	0.034421	0.025715	0.824298	0.565769	0.284244	0.058792	0.697108	0.640305	0.115595	0.105649	0.138451	0.041029	0.203071
0.357621	0.000252	0.057728	0.300145	0.365547	0.27658	0.573037	0.06909	0.099595	0.256667	0.177537	0.178724	0.623573	0.020165	0.453227	0.190511
0.419992	0.098641	0.040306	0.478327	0.108318	0.373049	0.355895	0.125472	0.216284	0.194506	0.366954	0.043837	0.312026	0.277184	0.029247	0.559963
0.064729	0.19024	0.199742	0.055227	0.690626	0.054405	0.281656	0.463375	0.238578	0.227047	0.09731	0.368315	0.516777	0.017598	0.384087	0.150288
0.550106	0.047416	0.454619	0.142903	0.188911	0.213567	0.065601	0.336877	0.259094	0.252583	0.438731	0.072946	0.479923	0.008401	0.08149	0.406834
0.40056	0.169762	0.503713	0.066608	0.064153	0.365526	0.060093	0.369585	0.16451	0.419193	0.489445	0.094258	0.300203	0.116094	0.074362	0.341935
0.138494	0.503213	0.038568	0.603139	0.298987	0.059306	0.299085	0.059208	0.365594	0.149376	0.071135	0.443834	0.071887	0.413144	0.266518	0.218512
0.037541	0.307868	0.246651	0.098759	0.645128	0.009463	0.44582	0.208771	0.152126	0.161096	0.039385	0.273837	0.530543	0.156235	0.653086	0.033692
0.052362	0.409526	0.236307	0.225581	0.534648	0.003464	0.296729	0.241383	0.090296	0.297035	0.062573	0.324758	0.496714	0.115955	0.470463	0.142206
0.386417	0.304976	0.057875	0.633518	0.0285	0.280107	0.170512	0.138095	0.331894	0.066898	0.226321	0.172472	0.083023	0.518185	0.002066	0.599142
0.160798	0.280977	0.359836	0.081939	0.528777	0.029447	0.055395	0.502829	0.379354	0.213401	0.073994	0.518761	0.310222	0.097024	0.341238	0.066007
0.007726	0.192361	0.171832	0.028255	0.761709	0.038205	0.496582	0.303331	0.164894	0.15067	0.052835	0.262729	0.604541	0.079895	0.615579	0.068857
0.15077	0.231644	0.223503	0.158911	0.475306	0.14228	0.019616	0.59797	0.427901	0.041304	0.221028	0.248177	0.198175	0.33262	0.022091	0.508704
0.506174	0.164219	0.219674	0.450719	0.17166	0.157947	0.278049	0.051558	0.195729	0.297973	0.044312	0.44939	0.482105	0.024193	0.453411	0.052887
0.243079	0.107871	0.306921	0.04403	0.008483	0.640566	0.211911	0.437139	0.168443	0.647182	0.491944	0.323681	0.08312	0.101256	0.026887	0.157488
0.358044	0.0619	0.117238	0.302705	0.331633	0.248423	0.500836	0.079221	0.111411	0.205178	0.06387	0.252719	0.578266	0.105145	0.554204	0.129207
0.141778	0.235838	0.300026	0.07759	0.476896	0.145487	0.23626	0.386124	0.462908	0.044933	0.481556	0.026285	0.155767	0.336392	0.05473	0.437429
0.33621	0.041334	0.102018	0.275527	0.312167	0.310288	0.46526	0.157196	0.640817	0.046445	0.511011	0.176251	0.007561	0.305178	0.056267	0.256472
0.000438	0.705985	0.295874	0.410549	0.255129	0.038447	0.205822	0.087755	0.191293	0.358518	0.097407	0.452404	0.064274	0.385914	0.404289	0.0459
0.13363	0.428959	0.068211	0.494379	0.337052	0.100358	0.350766	0.086644	0.240451	0.174347	0.002822	0.411977	0.230232	0.35497	0.416155	0.169046
0.030434	0.224808	0.195632	0.059611	0.650815	0.093942	0.156668	0.588089	0.331867	0.272858	0.025896	0.57883	0.349383	0.045892	0.326404	0.06887
0.005167	0.216067	0.175473	0.045761	0.582417	0.19635	0.145364	0.633402	0.411139	0.082736	0.253353	0.240523	0.176444	0.32968	0.067484	0.43864
0.362219	0.012311	0.233764	0.140766	0.00319	0.62228	0.253564	0.371906	0.108536	0.340269	0.379585	0.069221	0.256873	0.294322	0.107743	0.443452
0.464964	0.239974	0.229141	0.475797	0.098089	0.196972	0.249698	0.045363	0.141405	0.331952	0.027451	0.445906	0.421648	0.104994	0.451388	0.075254
0.108271	0.59973	0.340903	0.367099	0.134637	0.157362	0.249639	0.04236	0.224144	0.101385	0.062797	0.262732	0.018764	0.655707	0.527744	0.146727
0.642593	0.074342	0.186828	0.530108	0.015203	0.267861	0.192597	0.090467	0.204036	0.275912	0.056362	0.423586	0.453761	0.066291	0.323063	0.196989
0.57441	0.03835	0.172015	0.440746	0.046263	0.340976	0.119088	0.268152	0.095372	0.200943	0.264526	0.031789	0.525302	0.178383	0.026576	0.677109
0.055613	0.270165	0.046691	0.279086	0.532046	0.142177	0.342475	0.331747	0.516135	0.109416	0.09439	0.531161	0.071523	0.302925	0.294776	0.079673
0.404185	0.150786	0.087942	0.467029	0.104313	0.340716	0.325039	0.119989	0.402328	0.070647	0.379743	0.093232	0.10617	0.420855	0.033239	0.493786
0.441272	0.020613	0.353563	0.108323	0.08827	0.449844	0.254746	0.283368	0.268016	0.355897	0.552959	0.070954	0.261526	0.114561	0.05535	0.320737
0.226391	0.243363	0.096185	0.373569	0.199123	0.331123	0.408245	0.122001	0.040695	0.46947	0.0699	0.440265	0.384819	0.105016	0.43453	0.055305
0.191921	0.408491	0.516981	0.083431	0.345571	0.054017	0.045306	0.354282	0.098597	0.350463	0.139524	0.309536	0.438896	0.112044	0.422763	0.128177
0.070621	0.216069	0.148908	0.137781	0.518801	0.19451	0.000111	0.713199	0.465577	0.04988	0.127872	0.387584	0.123844	0.360699	0.021147	0.463397
0.091174	0.514489	0.311226	0.294437	0.273756	0.120581	0.058777	0.33556	0.10735	0.533716	0.015373	0.625694	0.25758	0.101354	0.35463	0.004304
0.103604	0.314286	0.326202	0.091688	0.515779	0.066331	0.136805	0.445305	0.269137	0.26979	0.086817	0.45211	0.350247	0.110826	0.376189	0.084883
0.057251	0.406906	0.379286	0.084871	0.400609	0.135234	0.225632	0.310211	0.416568	0.135584	0.42675	0.125401	0.041292	0.406556	0.178168	0.269681
0.146752	0.099641	0.033267	0.213126	0.139215	0.614391	0.589465	0.164142	0.046043	0.683651	0.408477	0.321217	0.239925	0.030381	0.214255	0.056051
0.21782	0.379204	0.120618	0.476406	0.324431	0.078545	0.230293	0.172683	0.467174	0.1026	0.068427	0.501348	0.075076	0.355149	0.282485	0.147741
0.44135	0.2516	0.035761	0.657189	0.220769	0.086281	0.201462	0.105588	0.627927	0.137	0.067847	0.69708	0.034192	0.200881	0.169376	0.065697