0.138335	0.245267	0.070019	0.313582	0.542564	0.073834	0.563655	0.052743	0.199262	0.284422	0.427147	0.056537	0.481637	0.034679	0.206527	0.309789
0.481459	0.175033	0.582763	0.073729	0.031311	0.312198	0.149716	0.193793	0.283057	0.026651	0.067601	0.242107	0.229713	0.460579	0.664878	0.025414
0.081105	0.108265	0.028326	0.161044	0.720867	0.089762	0.601762	0.208868	0.097331	0.188245	0.229144	0.056432	0.704642	0.009783	0.400944	0.31348
0.249764	0.044324	0.201591	0.092497	0.419277	0.286635	0.071777	0.634135	0.56968	0.073173	0.038018	0.604835	0.099361	0.257786	0.23535	0.121797
0.070903	0.280901	0.028927	0.322877	0.607533	0.040664	0.582503	0.065693	0.19056	0.277455	0.383862	0.084153	0.487875	0.04411	0.227568	0.304417
0.113287	0.620409	0.179949	0.553747	0.253886	0.012418	0.204425	0.061878	0.09186	0.474845	0.30077	0.265935	0.275313	0.157982	0.083604	0.34969
0.14878	0.700149	0.015847	0.833082	0.117109	0.033962	0.144046	0.007025	0.024607	0.335442	0.116033	0.244015	0.241282	0.398669	0.04386	0.596092
0.05659	0.249602	0.207997	0.098194	0.320426	0.373383	0.654607	0.039201	0.191757	0.605211	0.774747	0.022221	0.185259	0.017774	0.087858	0.115175
0.008624	0.721862	0.210709	0.519777	0.241864	0.027649	0.228711	0.040802	0.141537	0.384012	0.394328	0.131221	0.108951	0.3655	0.045092	0.429359
0.472553	0.215184	0.555534	0.132204	0.091849	0.220414	0.086627	0.225635	0.343274	0.021453	0.087881	0.276846	0.221127	0.414145	0.55428	0.080992
0.069504	0.284191	0.086421	0.267274	0.491618	0.154687	0.493422	0.152883	0.157031	0.434652	0.514359	0.077324	0.404091	0.004226	0.065484	0.342833
0.065413	0.207883	0.04703	0.226266	0.501233	0.225471	0.594551	0.132153	0.245003	0.364495	0.568011	0.041488	0.321642	0.068859	0.07357	0.316932
0.17039	0.411388	0.28122	0.300558	0.330648	0.087574	0.382322	0.035899	0.101911	0.450561	0.514117	0.038355	0.399127	0.048401	0.149425	0.298103
0.168929	0.515128	0.069974	0.614083	0.281345	0.034598	0.284854	0.031088	0.039083	0.335801	0.205361	0.169523	0.411192	0.213924	0.149468	0.475649
0.352119	0.140878	0.44423	0.048767	0.053216	0.453786	0.122346	0.384657	0.214037	0.22554	0.051992	0.387586	0.191298	0.369124	0.514585	0.045837
0.30907	0.313035	0.046182	0.575922	0.331704	0.046191	0.333591	0.044305	0.168041	0.321064	0.33861	0.150495	0.472733	0.038162	0.041163	0.469732
0.066807	0.577935	0.410603	0.234139	0.171587	0.183671	0.306005	0.049253	0.025083	0.72511	0.63253	0.117663	0.213311	0.036496	0.084077	0.16573
0.247076	0.414518	0.031644	0.629949	0.216402	0.122005	0.323201	0.015205	0.113619	0.383517	0.281399	0.215737	0.349859	0.153005	0.073446	0.429417
0.014043	0.181571	0.081862	0.113751	0.741982	0.062405	0.656136	0.148251	0.170468	0.171343	0.321436	0.020375	0.585557	0.072633	0.416562	0.241628
0.25482	0.034196	0.206576	0.082439	0.262247	0.448737	0.187716	0.523269	0.376874	0.185036	0.028876	0.533034	0.140193	0.297897	0.365416	0.072674
0.500538	0.11617	0.504951	0.111758	0.059038	0.324254	0.113082	0.27021	0.487966	0.005107	0.190752	0.30232	0.07161	0.435317	0.427281	0.079647
0.083315	0.46834	0.251334	0.300322	0.370604	0.077741	0.386806	0.061539	0.269271	0.503152	0.612105	0.160318	0.184648	0.042929	0.026034	0.201543
0.459884	0.211063	0.468544	0.202403	0.077022	0.25203	0.01933	0.309723	0.401074	0.168957	0.101853	0.468178	0.135832	0.294136	0.38602	0.043948
0.0881	0.319054	0.045505	0.361649	0.506949	0.085897	0.493521	0.099325	0.237168	0.21869	0.45532	0.000538	0.357881	0.186261	0.083706	0.460436
0.347801	0.015266	0.28755	0.075517	0.070949	0.565985	0.242407	0.394527	0.362635	0.072523	0.156814	0.278344	0.056114	0.508728	0.373142	0.1917
0.317955	0.110883	0.345698	0.08314	0.206232	0.36493	0.07521	0.495952	0.483604	0.27246	0.178059	0.578004	0.040583	0.203353	0.242849	0.001088
0.298494	0.255421	0.528192	0.025723	0.073287	0.372798	0.155581	0.290504	0.230296	0.064622	0.111524	0.183394	0.141484	0.563598	0.572249	0.132833
0.380528	0.117508	0.411454	0.086582	0.092916	0.409048	0.077627	0.424337	0.319184	0.062392	0.087717	0.29386	0.15426	0.464164	0.401364	0.217059
0.4504	0.206362	0.57242	0.084341	0.072467	0.270771	0.158681	0.184557	0.477817	0.089692	0.314776	0.252732	0.04505	0.387441	0.416325	0.016166
0.650458	0.067592	0.70164	0.01641	0.077838	0.204112	0.013157	0.268793	0.528177	0.136821	0.411947	0.253051	0.200119	0.134882	0.30285	0.032152
0.423679	0.33375	0.73569	0.021739	0.028385	0.214185	0.095724	0.146847	0.19066	0.034559	0.112935	0.112284	0.261404	0.513376	0.718479	0.056301
0.371685	0.084055	0.331728	0.124012	0.068131	0.476128	0.088025	0.456234	0.337246	0.282765	0.101104	0.518908	0.10257	0.277418	0.31865	0.061339
0.022696	0.69158	0.29092	0.423356	0.228353	0.057371	0.194912	0.090812	0.021511	0.549098	0.418756	0.151853	0.229538	0.199853	0.067075	0.362316
0.023221	0.167818	0.085159	0.10588	0.477324	0.331638	0.783489	0.025472	0.419387	0.450653	0.860199	0.00984	0.081157	0.048803	0.008449	0.121511
0.057473	0.322552	0.13314	0.246885	0.457332	0.162643	0.598308	0.021667	0.195457	0.446537	0.623412	0.018583	0.319348	0.038658	0.108036	0.249969
0.211957	0.319956	0.21435	0.317563	0.405295	0.062792	0.326645	0.141442	0.046608	0.337417	0.328037	0.055988	0.570644	0.045331	0.212958	0.403017
0.230055	0.23915	0.39502	0.074184	0.043895	0.486901	0.145884	0.384912	0.187028	0.074824	0.067216	0.194636	0.086922	0.651226	0.473687	0.264461
0.230887	0.240435	0.0451	0.426221	0.437434	0.091244	0.5098	0.018878	0.151575	0.220388	0.291146	0.080817	0.516746	0.111291	0.263754	0.364283
0.370048	0.168872	0.041837	0.497083	0.416255	0.044824	0.213847	0.247232	0.000524	0.190141	0.09677	0.093896	0.78578	0.023555	0.158915	0.65042
0.570507	0.065702	0.448325	0.187884	0.074122	0.289669	0.129059	0.234732	0.398207	0.075977	0.098478	0.375706	0.246422	0.279394	0.478906	0.04691
0.460132	0.091376	0.452763	0.098746	0.087028	0.361464	0.144415	0.304077	0.293242	0.13283	0.084183	0.34189	0.253918	0.32001	0.512995	0.060933
0.382571	0.135609	0.395184	0.122996	0.003332	0.478488	0.08154	0.40028	0.246378	0.15749	0.089685	0.314183	0.139524	0.456607	0.387039	0.209093
0.062869	0.75316	0.206325	0.609704	0.174669	0.009302	0.156366	0.027605	0.049484	0.690667	0.28061	0.459541	0.188054	0.071795	0.082081	0.177768
0.149031	0.371902	0.043015	0.477918	0.32353	0.155537	0.364453	0.114614	0.060888	0.349857	0.303327	0.107418	0.411674	0.177581	0.104141	0.485114
0.078662	0.512541	0.171933	0.41927	0.29023	0.118567	0.369726	0.039071	0.18497	0.347357	0.502932	0.029395	0.183922	0.283751	0.038727	0.428946
0.545342	0.095127	0.388988	0.251481	0.071581	0.287949	0.052562	0.306969	0.506776	0.188409	0.183406	0.511779	0.110148	0.194667	0.258144	0.046671
0.067708	0.273344	0.076481	0.264572	0.397056	0.261891	0.630296	0.028652	0.260952	0.48327	0.656964	0.087258	0.203813	0.051966	0.049813	0.205966
0.116604	0.221704	0.05855	0.279758	0.620625	0.041067	0.503258	0.158434	0.064348	0.257614	0.16429	0.157672	0.672881	0.005157	0.397518	0.28052
0.605057	0.039677	0.375195	0.269539	0.011502	0.343764	0.146353	0.208913	0.44459	0.078693	0.099827	0.423456	0.171969	0.304749	0.421721	0.054996
0.480337	0.159871	0.506521	0.133687	0.094106	0.265685	0.126537	0.233255	0.482218	0.059211	0.23541	0.306018	0.092226	0.366346	0.397648	0.060923
0.082899	0.289784	0.05701	0.315673	0.346484	0.280833	0.527524	0.099793	0.006177	0.462493	0.350902	0.117768	0.423206	0.108123	0.233631	0.297698
0.038786	0.555169	0.3795	0.214455	0.332239	0.073806	0.385338	0.020707	0.267433	0.592082	0.723141	0.136375	0.103592	0.036892	0.041696	0.098788
0.132752	0.48191	0.20138	0.413282	0.250767	0.134572	0.286529	0.09881	0.029615	0.389743	0.36903	0.050328	0.353904	0.226738	0.118879	0.461764
0.17296	0.23491	0.356757	0.051113	0.100936	0.491194	0.219867	0.372263	0.205853	0.179681	0.038524	0.34701	0.068043	0.546423	0.5381	0.076366
0.719856	0.083318	0.705759	0.097416	0.035973	0.160852	0.090677	0.106148	0.428745	0.06491	0.291973	0.201682	0.327085	0.179261	0.504463	0.001882
0.045067	0.246386	0.063162	0.228291	0.706494	0.002053	0.616762	0.091785	0.399448	0.146749	0.489449	0.056748	0.352113	0.101689	0.190475	0.263328
0.491758	0.128237	0.497128	0.122866	0.138716	0.24129	0.113605	0.2664	0.628924	0.005832	0.349439	0.285317	0.00155	0.363694	0.261295	0.103949
0.453773	0.107165	0.332385	0.228554	0.093766	0.345295	0.032554	0.406508	0.415159	0.004141	0.06174	0.35756	0.132381	0.448319	0.303198	0.277502
0.237187	0.193778	0.31267	0.118296	0.090013	0.479021	0.166701	0.402334	0.224002	0.103195	0.012506	0.314691	0.103198	0.569605	0.466865	0.205938
0.24211	0.320842	0.453548	0.109404	0.043703	0.393345	0.158486	0.278562	0.193069	0.158282	0.039282	0.312069	0.092743	0.555906	0.572752	0.075897
0.072311	0.157984	0.039793	0.190502	0.67702	0.092684	0.348251	0.421453	0.140155	0.177187	0.275824	0.041519	0.609176	0.073481	0.112221	0.570436
0.065875	0.348509	0.073993	0.340391	0.545511	0.040105	0.433132	0.152484	0.266108	0.354507	0.444792	0.175823	0.345278	0.034107	0.062332	0.317052
0.116311	0.517361	0.062302	0.57137	0.147426	0.218902	0.334891	0.031437	0.030955	0.608217	0.349336	0.289836	0.232782	0.128046	0.047857	0.31297
0.431479	0.244517	0.045887	0.630109	0.275545	0.048459	0.226736	0.097268	0.085667	0.227382	0.186659	0.126391	0.621357	0.065594	0.085964	0.600987
0.707596	0.01538	0.487855	0.235121	0.080307	0.196717	0.038791	0.238233	0.555198	0.02254	0.154863	0.422875	0.232705	0.189557	0.371783	0.050479
0.261581	0.257696	0.446343	0.072934	0.052423	0.4283	0.176824	0.303899	0.26244	0.125074	0.092964	0.294551	0.051564	0.560922	0.530203	0.082282
0.323181	0.017896	0.294981	0.046096	0.035892	0.623031	0.32594	0.332984	0.255192	0.141371	0.172494	0.224069	0.103882	0.499555	0.448426	0.155011
0.179857	0.163535	0.272917	0.070475	0.023346	0.633262	0.165769	0.490839	0.129444	0.293562	0.011555	0.411451	0.073759	0.503235	0.427131	0.149863
0.213174	0.447328	0.03389	0.626611	0.293971	0.045528	0.193504	0.145995	0.053295	0.211789	0.153396	0.111688	0.453849	0.281066	0.073998	0.660918
0.220857	0.167822	0.280995	0.107685	0.339236	0.272084	0.115662	0.495659	0.476928	0.036213	0.029618	0.483523	0.083165	0.403694	0.367038	0.119821
0.139667	0.453237	0.128194	0.464711	0.307262	0.099833	0.291178	0.115917	0.121464	0.397793	0.404544	0.114713	0.325465	0.155278	0.014828	0.465915
0.059755	0.33509	0.149065	0.245781	0.362538	0.242616	0.545598	0.059556	0.246531	0.506328	0.644034	0.108825	0.175762	0.071378	0.050628	0.196512
0.296613	0.216998	0.065542	0.448069	0.366443	0.119946	0.37629	0.110099	0.165353	0.248512	0.412781	0.001084	0.497703	0.088432	0.02905	0.557084
0.357807	0.29137	0.517764	0.131414	0.089003	0.26182	0.078478	0.272345	0.349321	0.057158	0.101124	0.305354	0.097489	0.496032	0.495117	0.098404
0.475006	0.17423	0.072865	0.576371	0.291146	0.059617	0.233928	0.116835	0.139498	0.148424	0.28515	0.002772	0.626655	0.085423	0.021644	0.690434
0.30468	0.269927	0.38287	0.191737	0.068458	0.356934	0.14866	0.276733	0.310845	0.1396	0.05029	0.400155	0.062293	0.487262	0.48124	0.068315
0.000484	0.497391	0.226549	0.271326	0.260889	0.241235	0.382518	0.119606	0.035529	0.657874	0.522642	0.170762	0.225844	0.080753	0.086426	0.220171
0.327908	0.153621	0.393617	0.087913	0.204662	0.313809	0.099582	0.418888	0.355155	0.155186	0.040631	0.46971	0.177415	0.312244	0.452568	0.037091
0.123515	0.414567	0.113899	0.424182	0.407567	0.054351	0.386187	0.075732	0.103676	0.453856	0.436059	0.121473	0.427406	0.015062	0.064027	0.378441
0.520553	0.152814	0.603141	0.070226	0.068645	0.257988	0.06768	0.258953	0.444145	0.059646	0.275166	0.228625	0.145053	0.351156	0.395655	0.100554
0.040704	0.517448	0.139911	0.418241	0.394616	0.047232	0.196258	0.245591	0.062887	0.491853	0.270835	0.283905	0.372433	0.072827	0.065334	0.379926
0.067523	0.327466	0.036859	0.35813	0.603284	0.001726	0.369326	0.235684	0.110663	0.288136	0.201164	0.197636	0.560144	0.041056	0.205021	0.396179
0.36745	0.229778	0.515293	0.081935	0.091963	0.310809	0.087412	0.31536	0.333968	0.07122	0.126621	0.278567	0.125445	0.469367	0.476084	0.118729
0.1464	0.461829	0.091969	0.51626	0.334445	0.057325	0.372484	0.019287	0.146112	0.269816	0.338038	0.077889	0.334734	0.249338	0.126415	0.457658
0.172379	0.161882	0.042597	0.291664	0.497601	0.168138	0.582059	0.08368	0.052279	0.267013	0.287241	0.032052	0.6177	0.063007	0.337416	0.343292
0.310513	0.064714	0.274591	0.100637	0.05492	0.569853	0.025674	0.599099	0.274645	0.25016	0.110448	0.414358	0.090787	0.384407	0.189817	0.285377
0.408716	0.280049	0.528041	0.160725	0.093388	0.217847	0.039502	0.271733	0.483977	0.040402	0.226627	0.297751	0.018127	0.457494	0.340915	0.134706
0.238179	0.099314	0.184518	0.152975	0.145252	0.517255	0.04507	0.617437	0.349576	0.30166	0.02122	0.630017	0.033855	0.314909	0.208368	0.140395
0.627549	0.055079	0.140026	0.542602	0.08745	0.229922	0.066397	0.250975	0.698181	0.108794	0.016327	0.790647	0.016818	0.176207	0.190096	0.00293
0.115985	0.391025	0.08578	0.421229	0.478574	0.014416	0.383101	0.109889	0.171306	0.344473	0.339855	0.175923	0.423253	0.060968	0.129026	0.355196
0.304615	0.231823	0.001291	0.535148	0.385624	0.077938	0.32112	0.142442	0.144641	0.255835	0.22892	0.171557	0.545598	0.053925	0.093491	0.506033
0.39728	0.17139	0.491283	0.077387	0.226212	0.205118	0.036744	0.394586	0.368329	0.032302	0.050723	0.349909	0.255162	0.344206	0.477304	0.122065
0.137174	0.440365	0.085664	0.491875	0.180819	0.241641	0.339824	0.082637	0.057605	0.468273	0.39018	0.135698	0.260388	0.213734	0.035308	0.438814
0.173083	0.154358	0.23217	0.095271	0.028517	0.644041	0.405227	0.267332	0.168883	0.043887	0.040088	0.172683	0.032717	0.754513	0.597309	0.18992
0.296157	0.249881	0.449543	0.096495	0.052238	0.401724	0.200931	0.253031	0.248691	0.064355	0.066492	0.246554	0.099705	0.587249	0.583982	0.102972
0.158121	0.44635	0.003459	0.601013	0.243094	0.152434	0.375546	0.019983	0.077334	0.327001	0.320563	0.083773	0.323881	0.271783	0.058442	0.537222
0.126067	0.576632	0.090874	0.611825	0.208373	0.088928	0.165151	0.13215	0.011243	0.60934	0.21161	0.408973	0.323197	0.05622	0.044415	0.335003
0.135837	0.492556	0.009568	0.618825	0.262177	0.109429	0.347354	0.024253	0.158229	0.442813	0.292558	0.308484	0.239785	0.159173	0.064364	0.334594
0.14421	0.369437	0.061759	0.451888	0.364998	0.121354	0.467755	0.018598	0.109084	0.455376	0.409943	0.154517	0.400124	0.035416	0.119571	0.315969
0.368572	0.145963	0.371113	0.143423	0.1382	0.347264	0.06539	0.420074	0.462223	0.207433	0.111739	0.557916	0.04455	0.285795	0.324764	0.005581