0.288318	0.087609	0.089919	0.286009	0.071981	0.552092	0.486039	0.138034	0.176852	0.043583	0.211892	0.008543	0.183447	0.596118	0.364066	0.4155
0.802987	0.013438	0.176353	0.640071	0.000694	0.182882	0.122592	0.060984	0.194326	0.122518	0.042736	0.274109	0.609354	0.073801	0.256209	0.426946
0.199714	0.488204	0.18399	0.503928	0.254456	0.057626	0.195428	0.116654	0.446998	0.135107	0.111865	0.47024	0.007172	0.410723	0.267554	0.150342
0.56	0.152645	0.285855	0.42679	0.078485	0.208869	0.257796	0.029559	0.568511	0.025794	0.390601	0.203704	0.069974	0.33572	0.153049	0.252645
0.185796	0.31832	0.134119	0.369997	0.043231	0.452653	0.153145	0.34274	0.227572	0.022441	0.202469	0.047544	0.001455	0.748532	0.084794	0.665193
0.74281	0.128722	0.013583	0.857949	0.025011	0.103457	0.10683	0.021638	0.487599	0.029757	0.076987	0.440368	0.280223	0.202422	0.043426	0.439218
0.211519	0.311319	0.071421	0.451418	0.253863	0.223299	0.468105	0.009057	0.411168	0.063971	0.101706	0.373433	0.054214	0.470647	0.437819	0.087042
0.087594	0.532496	0.489482	0.130608	0.260709	0.119201	0.030232	0.349678	0.26278	0.150004	0.270798	0.141987	0.085523	0.501693	0.248917	0.338299
0.500216	0.03511	0.062836	0.472489	0.129137	0.335537	0.416025	0.048649	0.5744	0.16549	0.423147	0.316743	0.054953	0.205157	0.055714	0.204396
0.615402	0.079016	0.294266	0.400153	0.06174	0.243842	0.205463	0.100119	0.266716	0.287524	0.096079	0.458161	0.410426	0.035334	0.40365	0.04211
0.314373	0.20272	0.13531	0.381783	0.048341	0.434567	0.246912	0.235995	0.06765	0.501903	0.034191	0.535362	0.295063	0.135384	0.348031	0.082416
0.122523	0.44852	0.534881	0.036162	0.305422	0.123535	0.098271	0.330686	0.346496	0.262318	0.503677	0.105137	0.081448	0.309737	0.129475	0.261711
0.667476	0.011239	0.571212	0.107503	0.032226	0.28906	0.05171	0.269576	0.176283	0.147693	0.252105	0.071871	0.523418	0.152605	0.370817	0.305207
0.228257	0.12101	0.084356	0.264911	0.117604	0.53313	0.219243	0.43149	0.231278	0.06698	0.27292	0.025338	0.114582	0.58716	0.030679	0.671063
0.181558	0.294754	0.335471	0.140841	0.330479	0.19321	0.190317	0.333371	0.078267	0.439322	0.09628	0.421309	0.43377	0.048641	0.429508	0.052903
0.059706	0.380198	0.221322	0.218582	0.191522	0.368574	0.022458	0.537637	0.067036	0.658349	0.04139	0.683996	0.184192	0.090422	0.20239	0.072224
0.241196	0.604756	0.758203	0.08775	0.116557	0.03749	0.017635	0.136412	0.028706	0.412609	0.269074	0.172241	0.329047	0.229638	0.506764	0.051921
0.270683	0.259145	0.395769	0.134058	0.412726	0.057446	0.153539	0.316633	0.672884	0.005436	0.441366	0.236953	0.010525	0.311155	0.107942	0.213738
0.085822	0.726511	0.530348	0.281985	0.16987	0.017797	0.151622	0.036046	0.210284	0.11108	0.071334	0.25003	0.045409	0.633228	0.610636	0.068001
0.365411	0.108758	0.12751	0.346658	0.055969	0.469862	0.302446	0.223385	0.044997	0.458479	0.107686	0.39579	0.376383	0.120141	0.32227	0.174254
0.225406	0.284926	0.46058	0.049751	0.332053	0.157615	0.213927	0.275741	0.050984	0.334569	0.083996	0.301556	0.506475	0.107972	0.590512	0.023936
0.192163	0.378306	0.448398	0.122072	0.353656	0.075874	0.063458	0.366073	0.306529	0.038239	0.310225	0.034543	0.23929	0.415942	0.201631	0.453602
0.275026	0.040234	0.099866	0.215393	0.133925	0.550815	0.365153	0.319587	0.344271	0.081735	0.35867	0.067336	0.06468	0.509314	0.106349	0.467644
0.322691	0.16583	0.47855	0.009971	0.227661	0.283818	0.091633	0.419845	0.065521	0.319533	0.325028	0.060026	0.484831	0.130115	0.245156	0.36979
0.165926	0.128417	0.026388	0.267955	0.055269	0.650389	0.198182	0.507475	0.120602	0.057511	0.139933	0.038181	0.100592	0.721294	0.084637	0.737249
0.072332	0.398769	0.038846	0.432255	0.442828	0.086071	0.199354	0.329545	0.468631	0.123408	0.05964	0.532399	0.046529	0.361432	0.178561	0.2294
0.487285	0.164558	0.199898	0.451945	0.070653	0.277504	0.277472	0.070685	0.424795	0.028965	0.300938	0.152822	0.133143	0.413097	0.176432	0.369808
0.253438	0.330811	0.043707	0.540542	0.298883	0.116868	0.287207	0.128544	0.480061	0.193108	0.051862	0.621307	0.07226	0.254571	0.279053	0.047778
0.546664	0.116477	0.623893	0.039248	0.166955	0.169904	0.01263	0.324229	0.163045	0.201591	0.309403	0.055233	0.550575	0.084789	0.32712	0.308244
0.384117	0.164415	0.129887	0.418645	0.049626	0.401842	0.331351	0.120117	0.293161	0.121597	0.301384	0.113374	0.140582	0.44466	0.159855	0.425388
0.33643	0.056242	0.082752	0.309921	0.103568	0.503759	0.441	0.166327	0.373734	0.061537	0.296289	0.138982	0.066265	0.498464	0.227463	0.337267
0.287579	0.114317	0.091972	0.309924	0.044477	0.553627	0.352873	0.245231	0.127663	0.519666	0.143189	0.50414	0.204393	0.148278	0.301655	0.051016
0.431504	0.257845	0.614621	0.074729	0.275052	0.035599	0.042069	0.268581	0.073317	0.245535	0.104263	0.21459	0.633238	0.047909	0.552427	0.12872
0.059493	0.260097	0.305731	0.013859	0.31157	0.36884	0.152644	0.527766	0.287021	0.09659	0.322614	0.060997	0.084042	0.532346	0.135761	0.480627
0.321068	0.087221	0.109828	0.298461	0.080225	0.511486	0.43104	0.160671	0.277991	0.076577	0.335359	0.019209	0.123303	0.522129	0.205509	0.439923
0.292081	0.14798	0.164097	0.275965	0.226949	0.332989	0.486722	0.073216	0.505158	0.019285	0.441605	0.082838	0.013873	0.461684	0.209213	0.266344
0.204576	0.277655	0.445014	0.037217	0.475278	0.04249	0.030135	0.487633	0.595264	0.088253	0.395478	0.288039	0.08459	0.231893	0.079671	0.236811
0.460422	0.040096	0.044917	0.455601	0.08008	0.419403	0.306026	0.193456	0.334585	0.279369	0.035877	0.578077	0.205916	0.18013	0.315067	0.07098
0.285728	0.493612	0.64261	0.13673	0.192713	0.027947	0.062168	0.158492	0.425774	0.128734	0.503134	0.051374	0.052667	0.392825	0.201644	0.243848
0.450517	0.274776	0.311935	0.413357	0.077505	0.197202	0.152903	0.121805	0.525391	0.030974	0.424281	0.132083	0.002631	0.441005	0.040556	0.403079
0.063134	0.327733	0.275818	0.115048	0.342573	0.26656	0.10623	0.502903	0.329446	0.082662	0.350145	0.061963	0.076261	0.511631	0.031904	0.555989
0.03505	0.219196	0.180887	0.073359	0.396915	0.348839	0.092743	0.653011	0.105047	0.500043	0.009078	0.596012	0.326919	0.067992	0.264552	0.130358
0.089126	0.284876	0.338775	0.035228	0.401662	0.224335	0.218999	0.406998	0.411989	0.099931	0.41107	0.100849	0.0788	0.409281	0.146704	0.341377
0.128292	0.476809	0.446113	0.158987	0.339738	0.055161	0.013042	0.381857	0.390179	0.068497	0.282842	0.175834	0.077851	0.463473	0.176313	0.36501
0.050915	0.603039	0.439406	0.214548	0.239762	0.106283	0.186949	0.159097	0.2714	0.057614	0.052187	0.276826	0.019278	0.651709	0.574168	0.096819
0.133033	0.286709	0.358263	0.061479	0.446351	0.133907	0.1931	0.387158	0.163137	0.326495	0.096309	0.393323	0.416247	0.094121	0.455055	0.055313
0.3603	0.05091	0.25314	0.158071	0.057383	0.531406	0.149866	0.438924	0.090553	0.255166	0.336485	0.009234	0.32713	0.327151	0.066521	0.58776
0.41604	0.175342	0.011834	0.579548	0.041001	0.367618	0.265903	0.142716	0.395873	0.146846	0.20433	0.338388	0.061168	0.396113	0.073406	0.383875
0.408632	0.267973	0.132725	0.54388	0.03872	0.284675	0.288156	0.03524	0.391744	0.07408	0.307668	0.158155	0.055608	0.478568	0.113212	0.420964
0.758206	0.058778	0.568322	0.248663	0.021301	0.161715	0.063579	0.119436	0.278022	0.175445	0.420265	0.033202	0.501485	0.045048	0.211636	0.334897
0.241846	0.463173	0.496817	0.208202	0.254634	0.040347	0.015201	0.27978	0.159792	0.39723	0.133267	0.423755	0.336688	0.10629	0.378751	0.064227
0.438839	0.027465	0.325028	0.141276	0.186489	0.347207	0.461169	0.072527	0.058668	0.317869	0.175514	0.201023	0.56666	0.056803	0.610683	0.01278
0.216648	0.137	0.307841	0.045807	0.59356	0.052792	0.050055	0.596296	0.787735	0.006645	0.327882	0.466498	0.022473	0.183147	0.030015	0.175605
0.603042	0.046372	0.399827	0.249587	0.084707	0.265879	0.31198	0.038606	0.081604	0.116208	0.026829	0.170983	0.606145	0.196043	0.684978	0.11721
0.098698	0.355031	0.335978	0.117751	0.448813	0.097458	0.032908	0.513363	0.371406	0.069037	0.3034	0.137043	0.176106	0.383451	0.065486	0.494071
0.003383	0.205662	0.165888	0.043157	0.581	0.209955	0.077347	0.713608	0.357279	0.34602	0.030514	0.672784	0.227105	0.069597	0.212721	0.083981
0.370044	0.089142	0.298195	0.16099	0.152338	0.388476	0.526135	0.014679	0.041173	0.291884	0.174244	0.158814	0.481209	0.185734	0.650087	0.016856
0.529513	0.171481	0.580264	0.12073	0.09934	0.199666	0.036937	0.262069	0.213503	0.243695	0.425915	0.031283	0.41535	0.127452	0.191286	0.351516
0.045751	0.252576	0.172961	0.125366	0.414194	0.287479	0.076219	0.625454	0.133616	0.451288	0.035912	0.548991	0.32633	0.088766	0.213267	0.201829
0.034039	0.340602	0.328744	0.045897	0.404292	0.221067	0.111208	0.514151	0.214415	0.47268	0.168372	0.518723	0.223916	0.088988	0.27158	0.041325
0.237541	0.026354	0.039792	0.224103	0.045873	0.690232	0.362651	0.373454	0.055156	0.635684	0.176943	0.513897	0.228259	0.080901	0.2255	0.08366
0.220009	0.407768	0.447569	0.180207	0.328266	0.043958	0.044958	0.327266	0.188966	0.407649	0.157135	0.439481	0.359308	0.044076	0.335392	0.067992
0.138594	0.497355	0.524585	0.111364	0.247081	0.11697	0.091918	0.272133	0.353837	0.011555	0.317562	0.04783	0.031838	0.60277	0.298941	0.335667
0.210494	0.149807	0.312143	0.048158	0.047585	0.592113	0.147621	0.492077	0.086953	0.364907	0.391378	0.060482	0.171126	0.377014	0.068387	0.479753
0.412149	0.10336	0.29077	0.224738	0.026131	0.45836	0.351185	0.133306	0.03772	0.402539	0.133262	0.306997	0.40056	0.159181	0.508693	0.051048
0.168412	0.350791	0.352496	0.166708	0.407008	0.073789	0.181569	0.299228	0.541745	0.074784	0.441757	0.174771	0.033675	0.349796	0.092307	0.291164
0.546066	0.114001	0.588581	0.071485	0.062544	0.277389	0.089996	0.249938	0.188216	0.282987	0.431588	0.039616	0.420393	0.108404	0.246989	0.281807
0.030333	0.220111	0.227911	0.022533	0.335489	0.414067	0.038415	0.711141	0.241763	0.033489	0.145605	0.129647	0.124059	0.600689	0.120721	0.604027
0.14149	0.134529	0.268726	0.007293	0.450614	0.273367	0.014638	0.709342	0.296716	0.357368	0.049918	0.604165	0.295389	0.050528	0.233446	0.11247
0.011668	0.060888	0.063966	0.00859	0.806827	0.120617	0.016365	0.911078	0.616161	0.015692	0.051129	0.580725	0.202334	0.165813	0.029202	0.338944
0.458105	0.268881	0.710791	0.016195	0.239202	0.033811	0.045271	0.227743	0.031967	0.205608	0.14327	0.094305	0.665341	0.097084	0.612792	0.149633
0.105051	0.223981	0.056094	0.272938	0.628365	0.042603	0.36862	0.302348	0.604391	0.141128	0.184669	0.560849	0.129025	0.125457	0.240045	0.014437
0.705664	0.009485	0.275344	0.439805	0.004611	0.28024	0.227572	0.057279	0.341807	0.186511	0.085426	0.442892	0.368468	0.103214	0.417489	0.054192
0.043869	0.326073	0.290046	0.079897	0.323843	0.306215	0.060275	0.569783	0.238369	0.144924	0.292605	0.090687	0.129343	0.487365	0.057715	0.558993
0.154691	0.263014	0.311661	0.106044	0.349836	0.232459	0.095621	0.486674	0.03941	0.399408	0.028677	0.410141	0.465118	0.096064	0.378605	0.182577
0.044041	0.430999	0.154445	0.320594	0.25168	0.27328	0.454696	0.070265	0.27373	0.079333	0.152153	0.20091	0.02199	0.624947	0.456987	0.18995
0.525498	0.125531	0.296162	0.354867	0.105817	0.243153	0.213615	0.135355	0.437628	0.055098	0.463338	0.029388	0.193688	0.313587	0.04644	0.460834
0.676785	0.031858	0.419237	0.289406	0.088469	0.202887	0.068857	0.222499	0.333311	0.152988	0.441449	0.04485	0.431943	0.081758	0.046645	0.467056
0.433923	0.048305	0.13485	0.347378	0.213734	0.304038	0.368371	0.149401	0.637099	0.058827	0.447145	0.248781	0.010558	0.293516	0.056076	0.247998
0.628099	0.058527	0.368275	0.318351	0.077931	0.235442	0.23353	0.079843	0.476171	0.099915	0.549641	0.026445	0.229859	0.194055	0.052164	0.37175
0.018943	0.172005	0.153429	0.037519	0.724073	0.084979	0.245012	0.564041	0.422688	0.186548	0.053675	0.555561	0.320328	0.070437	0.344766	0.045998
0.285195	0.386948	0.557669	0.114475	0.103668	0.224189	0.011933	0.315923	0.353738	0.194752	0.495279	0.053211	0.035126	0.416384	0.074323	0.377187
0.267011	0.043284	0.09374	0.216555	0.014607	0.675098	0.135729	0.553976	0.252481	0.062545	0.186515	0.128511	0.029137	0.655837	0.042954	0.64202
0.293026	0.117539	0.302181	0.108383	0.067315	0.52212	0.065432	0.524003	0.055674	0.381499	0.366818	0.070355	0.304668	0.258159	0.000795	0.562032
0.194855	0.208065	0.068509	0.33441	0.410522	0.186559	0.565335	0.031746	0.324255	0.048748	0.02223	0.350772	0.281121	0.345876	0.611613	0.015384
0.25395	0.058627	0.138211	0.174365	0.045684	0.64174	0.560121	0.127303	0.033681	0.274427	0.066742	0.241367	0.265952	0.425939	0.631591	0.060301
0.55419	0.055403	0.476835	0.132758	0.002449	0.387958	0.057192	0.333215	0.080812	0.315748	0.251147	0.145412	0.475828	0.127613	0.28288	0.320561
0.549403	0.021334	0.237969	0.332768	0.016891	0.412373	0.076587	0.352676	0.086872	0.218263	0.185272	0.119862	0.479422	0.215444	0.129284	0.565582
0.279054	0.08417	0.167481	0.195743	0.052994	0.583782	0.588248	0.048528	0.04294	0.396913	0.233928	0.205924	0.289109	0.271039	0.521801	0.038346
0.155299	0.119159	0.257433	0.017026	0.2094	0.516141	0.033137	0.692404	0.052999	0.333173	0.25433	0.131842	0.311701	0.302128	0.03624	0.577588
0.207319	0.321463	0.480879	0.047903	0.278805	0.192413	0.004701	0.466517	0.438074	0.042618	0.409005	0.071688	0.04805	0.471258	0.076575	0.442732
0.232781	0.315911	0.074727	0.473965	0.344357	0.10695	0.435566	0.015741	0.444321	0.071715	0.092645	0.423392	0.132817	0.351146	0.417648	0.066315
0.435971	0.263975	0.274955	0.42499	0.034092	0.265963	0.154348	0.145707	0.130727	0.416085	0.001187	0.545624	0.339336	0.113852	0.428116	0.025072
0.07257	0.268372	0.300696	0.040245	0.272084	0.386975	0.088477	0.570582	0.050482	0.508835	0.07314	0.486177	0.294172	0.146511	0.316033	0.12465
0.036463	0.586303	0.518124	0.104642	0.233318	0.143916	0.059422	0.317811	0.171088	0.211381	0.320592	0.061876	0.098693	0.518838	0.256954	0.360577
0.264193	0.11736	0.164394	0.217159	0.066319	0.552128	0.402198	0.216249	0.317132	0.061887	0.294131	0.084888	0.01338	0.6076	0.27246	0.34852
0.311749	0.111436	0.140773	0.282412	0.067398	0.509416	0.368861	0.207954	0.071328	0.495401	0.156932	0.409797	0.30782	0.125452	0.352702	0.080569
0.541465	0.009271	0.127701	0.423035	0.026298	0.422967	0.336608	0.112657	0.427065	0.153595	0.33886	0.241799	0.140698	0.278643	0.125449	0.293892
0.250745	0.399756	0.57257	0.07793	0.27587	0.073629	0.086859	0.26264	0.063844	0.29781	0.130824	0.230831	0.462771	0.175575	0.528606	0.10974
0.072995	0.498738	0.557779	0.013954	0.232535	0.195733	0.119357	0.308911	0.267716	0.272835	0.502904	0.037647	0.037813	0.421635	0.174231	0.285218