0.314146	0.388767	0.558487	0.144426	0.033451	0.263636	0.203603	0.093484	0.179876	0.392341	0.373232	0.198985	0.167721	0.260062	0.388857	0.038925
0.39537	0.418729	0.787054	0.027045	0.157208	0.028693	0.178915	0.006986	0.231117	0.209449	0.427708	0.012857	0.321461	0.237973	0.53826	0.021174
0.310968	0.084399	0.093225	0.302143	0.08883	0.515802	0.40796	0.196672	0.189757	0.434868	0.274525	0.3501	0.210041	0.165334	0.226659	0.148716
0.420792	0.16045	0.340336	0.240907	0.073018	0.345739	0.259903	0.158854	0.215532	0.300462	0.227094	0.2889	0.278278	0.205727	0.373145	0.11086
0.120241	0.167016	0.198869	0.088388	0.413173	0.29957	0.339046	0.373697	0.527077	0.12542	0.377265	0.275232	0.006338	0.341165	0.16065	0.186853
0.122365	0.105755	0.156196	0.071923	0.312708	0.459172	0.031353	0.740527	0.421603	0.562051	0.1775	0.806154	0.01347	0.002877	0.01005	0.006297
0.19086	0.376479	0.476805	0.090534	0.125152	0.307509	0.146781	0.28588	0.180829	0.067399	0.172697	0.07553	0.135184	0.616589	0.450889	0.300883
0.767641	0.054583	0.517445	0.304779	0.08178	0.095997	0.098593	0.079183	0.8232	0.037994	0.598264	0.26293	0.026221	0.112586	0.017774	0.121033
0.304056	0.18112	0.283356	0.201821	0.484923	0.0299	0.234777	0.280046	0.36644	0.071142	0.037406	0.400176	0.42254	0.139879	0.480728	0.081691
0.147601	0.043916	0.103299	0.088219	0.689123	0.11936	0.270471	0.538011	0.629102	0.143946	0.258962	0.514085	0.207622	0.019331	0.114808	0.112145
0.284813	0.624877	0.644585	0.265105	0.079704	0.010606	0.018657	0.071653	0.111285	0.333812	0.193796	0.251302	0.253231	0.301671	0.469446	0.085456
0.295549	0.072469	0.181842	0.186176	0.582135	0.049847	0.344587	0.287395	0.695067	0.083336	0.370241	0.408163	0.182617	0.03898	0.156188	0.065408
0.671508	0.039697	0.268617	0.442587	0.224233	0.064562	0.08097	0.207825	0.656319	0.058425	0.256046	0.458698	0.239421	0.045835	0.093542	0.191714
0.370331	0.072444	0.376769	0.066007	0.330572	0.226652	0.273413	0.283811	0.244696	0.163051	0.20739	0.200357	0.456207	0.136046	0.442791	0.149462
0.736913	0.063354	0.105759	0.694509	0.076834	0.122898	0.134567	0.065165	0.652314	0.056855	0.136345	0.572824	0.161434	0.129398	0.103981	0.18685
0.090985	0.316457	0.235135	0.172307	0.295134	0.297424	0.248773	0.343785	0.237091	0.310797	0.150182	0.397706	0.149028	0.303084	0.333726	0.118386
0.187873	0.176646	0.196608	0.16791	0.553563	0.081918	0.341931	0.293551	0.550369	0.111781	0.296651	0.365499	0.191067	0.146783	0.241888	0.095963
0.121738	0.182174	0.12814	0.175771	0.334921	0.361167	0.069915	0.626173	0.370484	0.405623	0.11561	0.660497	0.086174	0.137718	0.082446	0.141447
0.058389	0.070652	0.091043	0.037999	0.078317	0.792641	0.513701	0.357257	0.111411	0.450466	0.400685	0.161192	0.025295	0.412828	0.20406	0.234063
0.449225	0.46669	0.759851	0.156064	0.011734	0.072351	0.020463	0.063622	0.310771	0.289458	0.428073	0.172157	0.150188	0.249583	0.352241	0.04753
0.305785	0.369099	0.221242	0.453642	0.225905	0.099211	0.235466	0.08965	0.433105	0.142088	0.207805	0.367388	0.098585	0.326222	0.248904	0.175903
0.256857	0.055228	0.157409	0.154675	0.280492	0.407424	0.208446	0.479469	0.188754	0.133489	0.14749	0.174753	0.348594	0.329163	0.218366	0.459391
0.192717	0.122716	0.140405	0.175028	0.684	0.000567	0.231764	0.452803	0.637163	0.015346	0.056614	0.595895	0.239554	0.107937	0.315554	0.031937
0.137845	0.340648	0.338337	0.140156	0.041385	0.480122	0.194156	0.327351	0.004742	0.016583	0.016126	0.0052	0.174487	0.804187	0.516368	0.462306
0.050069	0.54219	0.144676	0.447584	0.048739	0.359001	0.243014	0.164727	0.074683	0.174149	0.042425	0.206407	0.024126	0.727042	0.345265	0.405903
0.434722	0.205595	0.30735	0.332967	0.16703	0.192654	0.267492	0.092191	0.330135	0.151997	0.216143	0.265988	0.271617	0.246252	0.358699	0.15917
0.316089	0.260643	0.313852	0.262879	0.110456	0.312812	0.11397	0.309299	0.322723	0.288592	0.384115	0.227201	0.103822	0.284862	0.043707	0.344977
0.16639	0.124154	0.201634	0.088911	0.125576	0.58388	0.07609	0.633366	0.16465	0.045479	0.090181	0.119948	0.127316	0.662556	0.187543	0.602328
0.177771	0.337329	0.437431	0.077669	0.192588	0.292312	0.11098	0.373921	0.357558	0.495477	0.427997	0.425038	0.012801	0.134164	0.120413	0.026552
0.238088	0.042403	0.21684	0.063651	0.414481	0.305028	0.077027	0.642482	0.363863	0.296749	0.195899	0.464713	0.288706	0.050682	0.097967	0.24142
0.000369	0.163171	0.043928	0.119612	0.442371	0.394089	0.470552	0.365907	0.205577	0.318413	0.096751	0.42724	0.237163	0.238847	0.41773	0.058279
0.085884	0.663984	0.471577	0.27829	0.12901	0.121123	0.156928	0.093205	0.13505	0.088991	0.152768	0.071273	0.079844	0.696115	0.475737	0.300221
0.259479	0.394373	0.62592	0.027933	0.193757	0.15239	0.171213	0.174935	0.393407	0.44579	0.652887	0.18631	0.05983	0.100973	0.144246	0.016557
0.314461	0.234798	0.358661	0.190598	0.087611	0.36313	0.104542	0.346199	0.231219	0.046266	0.206946	0.070539	0.170854	0.551662	0.256258	0.466258
0.211635	0.291855	0.362668	0.140823	0.219034	0.277476	0.133102	0.363408	0.144184	0.112515	0.04816	0.208539	0.286485	0.456816	0.447609	0.295692
0.30128	0.256756	0.220314	0.337722	0.2236	0.218365	0.378627	0.063337	0.430505	0.073884	0.255968	0.248421	0.094375	0.401236	0.342972	0.152639
0.117004	0.261911	0.23149	0.147425	0.56184	0.059245	0.101807	0.519278	0.543919	0.098315	0.228685	0.41355	0.134925	0.22284	0.104612	0.253153
0.158806	0.233083	0.109203	0.282685	0.321142	0.286969	0.340768	0.267343	0.393434	0.124137	0.111482	0.40609	0.086514	0.395915	0.33849	0.143939
0.429791	0.341508	0.305706	0.465593	0.148656	0.080045	0.112284	0.116417	0.469761	0.043476	0.34881	0.164427	0.108686	0.378077	0.06918	0.417583
0.028403	0.18565	0.149955	0.064097	0.036718	0.749229	0.301543	0.484404	0.061833	0.824919	0.431283	0.45547	0.003288	0.10996	0.020216	0.093032
0.56954	0.039471	0.573134	0.035877	0.252539	0.13845	0.375923	0.015066	0.721486	0.168041	0.864496	0.025031	0.100593	0.00988	0.084561	0.025912
0.193432	0.143063	0.212177	0.124318	0.096407	0.567097	0.02645	0.637054	0.003848	0.250524	0.059065	0.195307	0.285991	0.459637	0.179563	0.566065
0.305117	0.256018	0.538326	0.022809	0.090042	0.348822	0.423035	0.015829	0.18911	0.386122	0.549316	0.025916	0.20605	0.218719	0.412046	0.012723
0.407666	0.233363	0.547515	0.093514	0.08594	0.27303	0.156172	0.202799	0.308493	0.18822	0.31641	0.180303	0.185113	0.318174	0.387277	0.11601
0.099232	0.183942	0.227114	0.05606	0.16934	0.547487	0.230527	0.486299	0.232541	0.31834	0.197004	0.353877	0.036031	0.413088	0.260636	0.188483
0.263301	0.457011	0.606608	0.113704	0.029799	0.249888	0.032959	0.246729	0.109475	0.314808	0.107433	0.31685	0.183626	0.392091	0.532134	0.043583
0.346101	0.102263	0.023306	0.425058	0.374429	0.177207	0.208148	0.343488	0.489457	0.127942	0.077615	0.539784	0.231073	0.151528	0.153839	0.228762
0.06214	0.163355	0.047681	0.177814	0.469448	0.305057	0.402238	0.372267	0.333817	0.090075	0.114558	0.309335	0.197771	0.378337	0.335361	0.240746
0.285529	0.164853	0.364027	0.086355	0.228389	0.321228	0.067091	0.482527	0.253208	0.372918	0.295641	0.330485	0.26071	0.113164	0.135477	0.238397
0.2734	0.280005	0.296441	0.256964	0.071999	0.374596	0.160874	0.285721	0.147568	0.087434	0.068301	0.166702	0.19783	0.567167	0.389015	0.375982
0.321253	0.345011	0.55489	0.111374	0.181378	0.152357	0.216129	0.117606	0.440435	0.273547	0.607035	0.106947	0.062196	0.223821	0.163984	0.122033
0.087039	0.054552	0.045242	0.096349	0.299758	0.55865	0.401315	0.457093	0.208998	0.107281	0.162642	0.153637	0.1778	0.505922	0.283916	0.399805
0.257438	0.466903	0.491745	0.232596	0.255148	0.020511	0.134949	0.140709	0.198048	0.086287	0.062109	0.222227	0.314538	0.401126	0.564586	0.151078
0.367948	0.237151	0.140266	0.464834	0.15714	0.237761	0.16208	0.232821	0.382247	0.427481	0.203885	0.605842	0.142841	0.047432	0.098461	0.091812
0.43271	0.11109	0.345218	0.198582	0.393738	0.062462	0.273383	0.182817	0.768079	0.113059	0.612551	0.268587	0.058368	0.060494	0.00605	0.112812
0.134419	0.183581	0.062488	0.255512	0.231307	0.450693	0.072325	0.609675	0.320745	0.506844	0.092754	0.734835	0.044981	0.12743	0.042059	0.130352
0.166115	0.383426	0.482647	0.066894	0.363293	0.087166	0.053597	0.396862	0.10023	0.248895	0.124408	0.224717	0.429178	0.221697	0.411837	0.239038
0.131572	0.304446	0.141568	0.29445	0.154286	0.409696	0.126946	0.437036	0.160903	0.394387	0.097542	0.457748	0.124955	0.319754	0.170972	0.273738
0.071746	0.088213	0.057915	0.102044	0.384273	0.455768	0.322829	0.517211	0.080836	0.242391	0.090067	0.23316	0.375183	0.30159	0.290678	0.386096
0.092509	0.196098	0.253703	0.034904	0.02553	0.685863	0.447174	0.264219	0.068457	0.473169	0.448742	0.092884	0.049583	0.408791	0.252134	0.20624
0.108791	0.032064	0.094918	0.045937	0.231287	0.627858	0.29444	0.564705	0.099698	0.424216	0.143026	0.380888	0.24038	0.235706	0.246333	0.229753
0.368352	0.074953	0.071741	0.371564	0.115071	0.441624	0.265654	0.291041	0.353443	0.114426	0.007563	0.460306	0.12998	0.402152	0.329832	0.202299
0.141943	0.09164	0.230798	0.002786	0.11239	0.654027	0.053868	0.712548	0.078806	0.698876	0.134741	0.642941	0.175527	0.046791	0.149925	0.072393
0.420132	0.153732	0.177694	0.39617	0.107344	0.318792	0.192488	0.233647	0.198402	0.406199	0.081025	0.523576	0.329074	0.066325	0.289158	0.106241
0.37513	0.293454	0.533647	0.134937	0.279011	0.052405	0.231059	0.100357	0.499009	0.111504	0.436604	0.17391	0.155133	0.234354	0.328102	0.061385
0.228507	0.420203	0.224	0.42471	0.217151	0.134139	0.0466	0.30469	0.215567	0.072802	0.045604	0.242765	0.230091	0.48154	0.224995	0.486635
0.173161	0.310963	0.306245	0.177878	0.153177	0.362699	0.283899	0.231977	0.165577	0.233887	0.2212	0.178265	0.160761	0.439775	0.368945	0.231591
0.328861	0.219724	0.427261	0.121324	0.422484	0.028931	0.189378	0.262037	0.188459	0.110662	0.106671	0.19245	0.562885	0.137994	0.509968	0.190911
0.641667	0.064502	0.526016	0.180153	0.192734	0.101098	0.187513	0.106318	0.02514	0.07089	0.095643	0.000387	0.80926	0.09471	0.617886	0.286084
0.453723	0.097957	0.032594	0.519087	0.289588	0.158731	0.167425	0.280894	0.636592	0.201462	0.157399	0.680655	0.106719	0.055226	0.04262	0.119325
0.17966	0.200331	0.121724	0.258267	0.095172	0.524837	0.575734	0.044275	0.159275	0.109233	0.057659	0.210849	0.115557	0.615934	0.639799	0.091693
0.067896	0.383737	0.217377	0.234255	0.484751	0.063617	0.223367	0.325001	0.323021	0.192378	0.053553	0.461845	0.229626	0.254975	0.38719	0.097411
0.027714	0.11132	0.123532	0.015502	0.514891	0.346075	0.249262	0.611704	0.430929	0.288136	0.238714	0.48035	0.111676	0.169259	0.13408	0.146855
0.108104	0.047056	0.062206	0.092954	0.204197	0.640644	0.340972	0.503868	0.187282	0.270807	0.168658	0.289431	0.125019	0.416892	0.23452	0.307391
0.629928	0.124408	0.571225	0.183112	0.067296	0.178367	0.167055	0.078608	0.494757	0.069003	0.519791	0.043969	0.202467	0.233772	0.218489	0.21775
0.427952	0.184145	0.535684	0.076413	0.107816	0.280088	0.07566	0.312243	0.340133	0.102459	0.412569	0.030022	0.195635	0.361774	0.198775	0.358634
0.01242	0.122682	0.06871	0.066392	0.1011	0.763798	0.484836	0.380062	0.085583	0.405115	0.354921	0.135778	0.027936	0.481365	0.198625	0.310676
0.069371	0.24973	0.212902	0.106199	0.164177	0.516722	0.604743	0.076156	0.055011	0.092908	0.133262	0.014657	0.178537	0.673543	0.684383	0.167697
0.122003	0.311745	0.154726	0.279022	0.200998	0.365254	0.054089	0.512163	0.140955	0.226734	0.059545	0.308144	0.182046	0.450265	0.14927	0.48304
0.447087	0.128503	0.253894	0.321696	0.326302	0.098108	0.07542	0.34899	0.470744	0.013382	0.166966	0.31716	0.302644	0.21323	0.162348	0.353527
0.327195	0.408794	0.699835	0.036154	0.207784	0.056227	0.111634	0.152377	0.270059	0.023991	0.170488	0.123562	0.264919	0.441031	0.640981	0.064969
0.166605	0.19566	0.026627	0.335637	0.568197	0.069539	0.208382	0.429354	0.708009	0.178938	0.210702	0.676246	0.026792	0.08626	0.024307	0.088746
0.608242	0.144952	0.491082	0.262112	0.16647	0.080335	0.101181	0.145624	0.322589	0.127996	0.348612	0.101972	0.452123	0.097292	0.243651	0.305764
0.291488	0.13773	0.174444	0.254774	0.377646	0.193137	0.074654	0.496128	0.465112	0.250975	0.049363	0.666724	0.204022	0.079892	0.199735	0.084178
0.130592	0.400058	0.361672	0.168977	0.114786	0.354565	0.300941	0.16841	0.226264	0.129195	0.321707	0.033751	0.019114	0.625428	0.340906	0.303635
0.356993	0.202688	0.207118	0.352563	0.239977	0.200343	0.246453	0.193867	0.521804	0.198279	0.261097	0.458986	0.075166	0.204752	0.192474	0.087444
0.059274	0.692274	0.437984	0.313564	0.0753	0.173152	0.141708	0.106744	0.091607	0.401184	0.142371	0.35042	0.042967	0.464242	0.437321	0.069888
0.303456	0.08974	0.252635	0.140561	0.197433	0.40937	0.51152	0.095284	0.206654	0.15929	0.218902	0.147042	0.294235	0.33982	0.545253	0.088803
0.179739	0.336335	0.447478	0.068596	0.11844	0.365486	0.068182	0.415743	0.044262	0.371898	0.159118	0.257042	0.253917	0.329923	0.356542	0.227298
0.560478	0.172567	0.352618	0.380427	0.220029	0.046927	0.149668	0.117287	0.423421	0.098951	0.154136	0.368236	0.357086	0.120543	0.34815	0.129478
0.160961	0.025591	0.163305	0.023247	0.246244	0.567204	0.469718	0.34373	0.249604	0.349575	0.311034	0.288145	0.157601	0.24322	0.321989	0.078832
0.4311	0.319382	0.669738	0.080744	0.218628	0.03089	0.087422	0.162096	0.328688	0.04951	0.254996	0.123202	0.32104	0.300761	0.502164	0.119638
0.209526	0.354013	0.517005	0.046534	0.313574	0.122887	0.372579	0.063882	0.138879	0.156276	0.216997	0.078157	0.384221	0.320624	0.672587	0.032259
0.658483	0.090661	0.208384	0.54076	0.180867	0.069989	0.093315	0.157541	0.583956	0.013711	0.080506	0.517161	0.255395	0.146938	0.221193	0.18114
0.36836	0.233716	0.396955	0.205121	0.332211	0.065713	0.175802	0.222122	0.406609	0.080947	0.254076	0.23348	0.293961	0.218483	0.318681	0.193763
0.114869	0.176639	0.174331	0.117176	0.396269	0.312223	0.033096	0.675396	0.251256	0.182556	0.074175	0.359637	0.259882	0.306307	0.133253	0.432935
0.068768	0.31012	0.25391	0.124978	0.351749	0.269363	0.187042	0.43407	0.339752	0.123238	0.216639	0.246351	0.080764	0.456246	0.224313	0.312697
0.174544	0.425034	0.308163	0.291416	0.164082	0.236339	0.170593	0.229828	0.118546	0.050447	0.043485	0.125508	0.220081	0.610926	0.435271	0.395736
0.372388	0.333477	0.388661	0.317203	0.129433	0.164702	0.1154	0.178735	0.361463	0.292507	0.180644	0.473325	0.140358	0.205673	0.323417	0.022613
0.123395	0.400381	0.30191	0.221865	0.076956	0.399269	0.072075	0.404149	0.153811	0.630179	0.250114	0.533876	0.046539	0.16947	0.123871	0.092139